3000
1 30 30
2 138 30
3 246 30
4 354 30
5 462 30
6 570 30
7 678 30
8 786 30
9 894 30
10 1002 30
11 1110 30
12 1218 30
13 1326 30
14 1434 30
15 1542 30
16 1650 30
17 1758 30
18 1866 30
19 1974 30
20 2082 30
21 2190 30
22 2298 30
23 2406 30
24 2514 30
25 2622 30
26 2730 30
27 2838 30
28 2946 30
29 3054 30
30 3162 30
31 3270 30
32 3378 30
33 3486 30
34 3594 30
35 3702 30
36 3810 30
37 3918 30
38 4026 30
39 4134 30
40 4242 30
41 4350 30
42 4458 30
43 4566 30
44 4674 30
45 4782 30
46 4890 30
47 4998 30
48 5106 30
49 5214 30
50 5322 30
51 5430 30
52 5538 30
53 5646 30
54 5754 30
55 5862 30
56 5970 30
57 30 138
58 138 138
59 246 138
60 354 138
61 462 138
62 570 138
63 678 138
64 786 138
65 894 138
66 1002 138
67 1110 138
68 1218 138
69 1326 138
70 1434 138
71 1542 138
72 1650 138
73 1758 138
74 1866 138
75 1974 138
76 2082 138
77 2190 138
78 2298 138
79 2406 138
80 2514 138
81 2622 138
82 2730 138
83 2838 138
84 2946 138
85 3054 138
86 3162 138
87 3270 138
88 3378 138
89 3486 138
90 3594 138
91 3702 138
92 3810 138
93 3918 138
94 4026 138
95 4134 138
96 4242 138
97 4350 138
98 4458 138
99 4566 138
100 4674 138
101 4782 138
102 4890 138
103 4998 138
104 5106 138
105 5214 138
106 5322 138
107 5430 138
108 5538 138
109 5646 138
110 5754 138
111 5862 138
112 5970 138
113 30 246
114 138 246
115 246 246
116 354 246
117 462 246
118 570 246
119 678 246
120 786 246
121 894 246
122 1002 246
123 1110 246
124 1218 246
125 1326 246
126 1434 246
127 1542 246
128 1650 246
129 1758 246
130 1866 246
131 1974 246
132 2082 246
133 2190 246
134 2298 246
135 2406 246
136 2514 246
137 2622 246
138 2730 246
139 2838 246
140 2946 246
141 3054 246
142 3162 246
143 3270 246
144 3378 246
145 3486 246
146 3594 246
147 3702 246
148 3810 246
149 3918 246
150 4026 246
151 4134 246
152 4242 246
153 4350 246
154 4458 246
155 4566 246
156 4674 246
157 4782 246
158 4890 246
159 4998 246
160 5106 246
161 5214 246
162 5322 246
163 5430 246
164 5538 246
165 5646 246
166 5754 246
167 5862 246
168 5970 246
169 30 354
170 138 354
171 246 354
172 354 354
173 462 354
174 570 354
175 678 354
176 786 354
177 894 354
178 1002 354
179 1110 354
180 1218 354
181 1326 354
182 1434 354
183 1542 354
184 1650 354
185 1758 354
186 1866 354
187 1974 354
188 2082 354
189 2190 354
190 2298 354
191 2406 354
192 2514 354
193 2622 354
194 2730 354
195 2838 354
196 2946 354
197 3054 354
198 3162 354
199 3270 354
200 3378 354
201 3486 354
202 3594 354
203 3702 354
204 3810 354
205 3918 354
206 4026 354
207 4134 354
208 4242 354
209 4350 354
210 4458 354
211 4566 354
212 4674 354
213 4782 354
214 4890 354
215 4998 354
216 5106 354
217 5214 354
218 5322 354
219 5430 354
220 5538 354
221 5646 354
222 5754 354
223 5862 354
224 5970 354
225 30 462
226 138 462
227 246 462
228 354 462
229 462 462
230 570 462
231 678 462
232 786 462
233 894 462
234 1002 462
235 1110 462
236 1218 462
237 1326 462
238 1434 462
239 1542 462
240 1650 462
241 1758 462
242 1866 462
243 1974 462
244 2082 462
245 2190 462
246 2298 462
247 2406 462
248 2514 462
249 2622 462
250 2730 462
251 2838 462
252 2946 462
253 3054 462
254 3162 462
255 3270 462
256 3378 462
257 3486 462
258 3594 462
259 3702 462
260 3810 462
261 3918 462
262 4026 462
263 4134 462
264 4242 462
265 4350 462
266 4458 462
267 4566 462
268 4674 462
269 4782 462
270 4890 462
271 4998 462
272 5106 462
273 5214 462
274 5322 462
275 5430 462
276 5538 462
277 5646 462
278 5754 462
279 5862 462
280 5970 462
281 30 570
282 138 570
283 246 570
284 354 570
285 462 570
286 570 570
287 678 570
288 786 570
289 894 570
290 1002 570
291 1110 570
292 1218 570
293 1326 570
294 1434 570
295 1542 570
296 1650 570
297 1758 570
298 1866 570
299 1974 570
300 2082 570
301 2190 570
302 2298 570
303 2406 570
304 2514 570
305 2622 570
306 2730 570
307 2838 570
308 2946 570
309 3054 570
310 3162 570
311 3270 570
312 3378 570
313 3486 570
314 3594 570
315 3702 570
316 3810 570
317 3918 570
318 4026 570
319 4134 570
320 4242 570
321 4350 570
322 4458 570
323 4566 570
324 4674 570
325 4782 570
326 4890 570
327 4998 570
328 5106 570
329 5214 570
330 5322 570
331 5430 570
332 5538 570
333 5646 570
334 5754 570
335 5862 570
336 5970 570
337 30 678
338 138 678
339 246 678
340 354 678
341 462 678
342 570 678
343 678 678
344 786 678
345 894 678
346 1002 678
347 1110 678
348 1218 678
349 1326 678
350 1434 678
351 1542 678
352 1650 678
353 1758 678
354 1866 678
355 1974 678
356 2082 678
357 2190 678
358 2298 678
359 2406 678
360 2514 678
361 2622 678
362 2730 678
363 2838 678
364 2946 678
365 3054 678
366 3162 678
367 3270 678
368 3378 678
369 3486 678
370 3594 678
371 3702 678
372 3810 678
373 3918 678
374 4026 678
375 4134 678
376 4242 678
377 4350 678
378 4458 678
379 4566 678
380 4674 678
381 4782 678
382 4890 678
383 4998 678
384 5106 678
385 5214 678
386 5322 678
387 5430 678
388 5538 678
389 5646 678
390 5754 678
391 5862 678
392 5970 678
393 30 786
394 138 786
395 246 786
396 354 786
397 462 786
398 570 786
399 678 786
400 786 786
401 894 786
402 1002 786
403 1110 786
404 1218 786
405 1326 786
406 1434 786
407 1542 786
408 1650 786
409 1758 786
410 1866 786
411 1974 786
412 2082 786
413 2190 786
414 2298 786
415 2406 786
416 2514 786
417 2622 786
418 2730 786
419 2838 786
420 2946 786
421 3054 786
422 3162 786
423 3270 786
424 3378 786
425 3486 786
426 3594 786
427 3702 786
428 3810 786
429 3918 786
430 4026 786
431 4134 786
432 4242 786
433 4350 786
434 4458 786
435 4566 786
436 4674 786
437 4782 786
438 4890 786
439 4998 786
440 5106 786
441 5214 786
442 5322 786
443 5430 786
444 5538 786
445 5646 786
446 5754 786
447 5862 786
448 5970 786
449 30 894
450 138 894
451 246 894
452 354 894
453 462 894
454 570 894
455 678 894
456 786 894
457 894 894
458 1002 894
459 1110 894
460 1218 894
461 1326 894
462 1434 894
463 1542 894
464 1650 894
465 1758 894
466 1866 894
467 1974 894
468 2082 894
469 2190 894
470 2298 894
471 2406 894
472 2514 894
473 2622 894
474 2730 894
475 2838 894
476 2946 894
477 3054 894
478 3162 894
479 3270 894
480 3378 894
481 3486 894
482 3594 894
483 3702 894
484 3810 894
485 3918 894
486 4026 894
487 4134 894
488 4242 894
489 4350 894
490 4458 894
491 4566 894
492 4674 894
493 4782 894
494 4890 894
495 4998 894
496 5106 894
497 5214 894
498 5322 894
499 5430 894
500 5538 894
501 5646 894
502 5754 894
503 5862 894
504 5970 894
505 30 1002
506 138 1002
507 246 1002
508 354 1002
509 462 1002
510 570 1002
511 678 1002
512 786 1002
513 894 1002
514 1002 1002
515 1110 1002
516 1218 1002
517 1326 1002
518 1434 1002
519 1542 1002
520 1650 1002
521 1758 1002
522 1866 1002
523 1974 1002
524 2082 1002
525 2190 1002
526 2298 1002
527 2406 1002
528 2514 1002
529 2622 1002
530 2730 1002
531 2838 1002
532 2946 1002
533 3054 1002
534 3162 1002
535 3270 1002
536 3378 1002
537 3486 1002
538 3594 1002
539 3702 1002
540 3810 1002
541 3918 1002
542 4026 1002
543 4134 1002
544 4242 1002
545 4350 1002
546 4458 1002
547 4566 1002
548 4674 1002
549 4782 1002
550 4890 1002
551 4998 1002
552 5106 1002
553 5214 1002
554 5322 1002
555 5430 1002
556 5538 1002
557 5646 1002
558 5754 1002
559 5862 1002
560 5970 1002
561 30 1110
562 138 1110
563 246 1110
564 354 1110
565 462 1110
566 570 1110
567 678 1110
568 786 1110
569 894 1110
570 1002 1110
571 1110 1110
572 1218 1110
573 1326 1110
574 1434 1110
575 1542 1110
576 1650 1110
577 1758 1110
578 1866 1110
579 1974 1110
580 2082 1110
581 2190 1110
582 2298 1110
583 2406 1110
584 2514 1110
585 2622 1110
586 2730 1110
587 2838 1110
588 2946 1110
589 3054 1110
590 3162 1110
591 3270 1110
592 3378 1110
593 3486 1110
594 3594 1110
595 3702 1110
596 3810 1110
597 3918 1110
598 4026 1110
599 4134 1110
600 4242 1110
601 4350 1110
602 4458 1110
603 4566 1110
604 4674 1110
605 4782 1110
606 4890 1110
607 4998 1110
608 5106 1110
609 5214 1110
610 5322 1110
611 5430 1110
612 5538 1110
613 5646 1110
614 5754 1110
615 5862 1110
616 5970 1110
617 30 1218
618 138 1218
619 246 1218
620 354 1218
621 462 1218
622 570 1218
623 678 1218
624 786 1218
625 894 1218
626 1002 1218
627 1110 1218
628 1218 1218
629 1326 1218
630 1434 1218
631 1542 1218
632 1650 1218
633 1758 1218
634 1866 1218
635 1974 1218
636 2082 1218
637 2190 1218
638 2298 1218
639 2406 1218
640 2514 1218
641 2622 1218
642 2730 1218
643 2838 1218
644 2946 1218
645 3054 1218
646 3162 1218
647 3270 1218
648 3378 1218
649 3486 1218
650 3594 1218
651 3702 1218
652 3810 1218
653 3918 1218
654 4026 1218
655 4134 1218
656 4242 1218
657 4350 1218
658 4458 1218
659 4566 1218
660 4674 1218
661 4782 1218
662 4890 1218
663 4998 1218
664 5106 1218
665 5214 1218
666 5322 1218
667 5430 1218
668 5538 1218
669 5646 1218
670 5754 1218
671 5862 1218
672 5970 1218
673 30 1326
674 138 1326
675 246 1326
676 354 1326
677 462 1326
678 570 1326
679 678 1326
680 786 1326
681 894 1326
682 1002 1326
683 1110 1326
684 1218 1326
685 1326 1326
686 1434 1326
687 1542 1326
688 1650 1326
689 1758 1326
690 1866 1326
691 1974 1326
692 2082 1326
693 2190 1326
694 2298 1326
695 2406 1326
696 2514 1326
697 2622 1326
698 2730 1326
699 2838 1326
700 2946 1326
701 3054 1326
702 3162 1326
703 3270 1326
704 3378 1326
705 3486 1326
706 3594 1326
707 3702 1326
708 3810 1326
709 3918 1326
710 4026 1326
711 4134 1326
712 4242 1326
713 4350 1326
714 4458 1326
715 4566 1326
716 4674 1326
717 4782 1326
718 4890 1326
719 4998 1326
720 5106 1326
721 5214 1326
722 5322 1326
723 5430 1326
724 5538 1326
725 5646 1326
726 5754 1326
727 5862 1326
728 5970 1326
729 30 1434
730 138 1434
731 246 1434
732 354 1434
733 462 1434
734 570 1434
735 678 1434
736 786 1434
737 894 1434
738 1002 1434
739 1110 1434
740 1218 1434
741 1326 1434
742 1434 1434
743 1542 1434
744 1650 1434
745 1758 1434
746 1866 1434
747 1974 1434
748 2082 1434
749 2190 1434
750 2298 1434
751 2406 1434
752 2514 1434
753 2622 1434
754 2730 1434
755 2838 1434
756 2946 1434
757 3054 1434
758 3162 1434
759 3270 1434
760 3378 1434
761 3486 1434
762 3594 1434
763 3702 1434
764 3810 1434
765 3918 1434
766 4026 1434
767 4134 1434
768 4242 1434
769 4350 1434
770 4458 1434
771 4566 1434
772 4674 1434
773 4782 1434
774 4890 1434
775 4998 1434
776 5106 1434
777 5214 1434
778 5322 1434
779 5430 1434
780 5538 1434
781 5646 1434
782 5754 1434
783 5862 1434
784 5970 1434
785 30 1542
786 138 1542
787 246 1542
788 354 1542
789 462 1542
790 570 1542
791 678 1542
792 786 1542
793 894 1542
794 1002 1542
795 1110 1542
796 1218 1542
797 1326 1542
798 1434 1542
799 1542 1542
800 1650 1542
801 1758 1542
802 1866 1542
803 1974 1542
804 2082 1542
805 2190 1542
806 2298 1542
807 2406 1542
808 2514 1542
809 2622 1542
810 2730 1542
811 2838 1542
812 2946 1542
813 3054 1542
814 3162 1542
815 3270 1542
816 3378 1542
817 3486 1542
818 3594 1542
819 3702 1542
820 3810 1542
821 3918 1542
822 4026 1542
823 4134 1542
824 4242 1542
825 4350 1542
826 4458 1542
827 4566 1542
828 4674 1542
829 4782 1542
830 4890 1542
831 4998 1542
832 5106 1542
833 5214 1542
834 5322 1542
835 5430 1542
836 5538 1542
837 5646 1542
838 5754 1542
839 5862 1542
840 5970 1542
841 30 1650
842 138 1650
843 246 1650
844 354 1650
845 462 1650
846 570 1650
847 678 1650
848 786 1650
849 894 1650
850 1002 1650
851 1110 1650
852 1218 1650
853 1326 1650
854 1434 1650
855 1542 1650
856 1650 1650
857 1758 1650
858 1866 1650
859 1974 1650
860 2082 1650
861 2190 1650
862 2298 1650
863 2406 1650
864 2514 1650
865 2622 1650
866 2730 1650
867 2838 1650
868 2946 1650
869 3054 1650
870 3162 1650
871 3270 1650
872 3378 1650
873 3486 1650
874 3594 1650
875 3702 1650
876 3810 1650
877 3918 1650
878 4026 1650
879 4134 1650
880 4242 1650
881 4350 1650
882 4458 1650
883 4566 1650
884 4674 1650
885 4782 1650
886 4890 1650
887 4998 1650
888 5106 1650
889 5214 1650
890 5322 1650
891 5430 1650
892 5538 1650
893 5646 1650
894 5754 1650
895 5862 1650
896 5970 1650
897 30 1758
898 138 1758
899 246 1758
900 354 1758
901 462 1758
902 570 1758
903 678 1758
904 786 1758
905 894 1758
906 1002 1758
907 1110 1758
908 1218 1758
909 1326 1758
910 1434 1758
911 1542 1758
912 1650 1758
913 1758 1758
914 1866 1758
915 1974 1758
916 2082 1758
917 2190 1758
918 2298 1758
919 2406 1758
920 2514 1758
921 2622 1758
922 2730 1758
923 2838 1758
924 2946 1758
925 3054 1758
926 3162 1758
927 3270 1758
928 3378 1758
929 3486 1758
930 3594 1758
931 3702 1758
932 3810 1758
933 3918 1758
934 4026 1758
935 4134 1758
936 4242 1758
937 4350 1758
938 4458 1758
939 4566 1758
940 4674 1758
941 4782 1758
942 4890 1758
943 4998 1758
944 5106 1758
945 5214 1758
946 5322 1758
947 5430 1758
948 5538 1758
949 5646 1758
950 5754 1758
951 5862 1758
952 5970 1758
953 30 1866
954 138 1866
955 246 1866
956 354 1866
957 462 1866
958 570 1866
959 678 1866
960 786 1866
961 894 1866
962 1002 1866
963 1110 1866
964 1218 1866
965 1326 1866
966 1434 1866
967 1542 1866
968 1650 1866
969 1758 1866
970 1866 1866
971 1974 1866
972 2082 1866
973 2190 1866
974 2298 1866
975 2406 1866
976 2514 1866
977 2622 1866
978 2730 1866
979 2838 1866
980 2946 1866
981 3054 1866
982 3162 1866
983 3270 1866
984 3378 1866
985 3486 1866
986 3594 1866
987 3702 1866
988 3810 1866
989 3918 1866
990 4026 1866
991 4134 1866
992 4242 1866
993 4350 1866
994 4458 1866
995 4566 1866
996 4674 1866
997 4782 1866
998 4890 1866
999 4998 1866
1000 5106 1866
1001 5214 1866
1002 5322 1866
1003 5430 1866
1004 5538 1866
1005 5646 1866
1006 5754 1866
1007 5862 1866
1008 5970 1866
1009 30 1974
1010 138 1974
1011 246 1974
1012 354 1974
1013 462 1974
1014 570 1974
1015 678 1974
1016 786 1974
1017 894 1974
1018 1002 1974
1019 1110 1974
1020 1218 1974
1021 1326 1974
1022 1434 1974
1023 1542 1974
1024 1650 1974
1025 1758 1974
1026 1866 1974
1027 1974 1974
1028 2082 1974
1029 2190 1974
1030 2298 1974
1031 2406 1974
1032 2514 1974
1033 2622 1974
1034 2730 1974
1035 2838 1974
1036 2946 1974
1037 3054 1974
1038 3162 1974
1039 3270 1974
1040 3378 1974
1041 3486 1974
1042 3594 1974
1043 3702 1974
1044 3810 1974
1045 3918 1974
1046 4026 1974
1047 4134 1974
1048 4242 1974
1049 4350 1974
1050 4458 1974
1051 4566 1974
1052 4674 1974
1053 4782 1974
1054 4890 1974
1055 4998 1974
1056 5106 1974
1057 5214 1974
1058 5322 1974
1059 5430 1974
1060 5538 1974
1061 5646 1974
1062 5754 1974
1063 5862 1974
1064 5970 1974
1065 30 2082
1066 138 2082
1067 246 2082
1068 354 2082
1069 462 2082
1070 570 2082
1071 678 2082
1072 786 2082
1073 894 2082
1074 1002 2082
1075 1110 2082
1076 1218 2082
1077 1326 2082
1078 1434 2082
1079 1542 2082
1080 1650 2082
1081 1758 2082
1082 1866 2082
1083 1974 2082
1084 2082 2082
1085 2190 2082
1086 2298 2082
1087 2406 2082
1088 2514 2082
1089 2622 2082
1090 2730 2082
1091 2838 2082
1092 2946 2082
1093 3054 2082
1094 3162 2082
1095 3270 2082
1096 3378 2082
1097 3486 2082
1098 3594 2082
1099 3702 2082
1100 3810 2082
1101 3918 2082
1102 4026 2082
1103 4134 2082
1104 4242 2082
1105 4350 2082
1106 4458 2082
1107 4566 2082
1108 4674 2082
1109 4782 2082
1110 4890 2082
1111 4998 2082
1112 5106 2082
1113 5214 2082
1114 5322 2082
1115 5430 2082
1116 5538 2082
1117 5646 2082
1118 5754 2082
1119 5862 2082
1120 5970 2082
1121 30 2190
1122 138 2190
1123 246 2190
1124 354 2190
1125 462 2190
1126 570 2190
1127 678 2190
1128 786 2190
1129 894 2190
1130 1002 2190
1131 1110 2190
1132 1218 2190
1133 1326 2190
1134 1434 2190
1135 1542 2190
1136 1650 2190
1137 1758 2190
1138 1866 2190
1139 1974 2190
1140 2082 2190
1141 2190 2190
1142 2298 2190
1143 2406 2190
1144 2514 2190
1145 2622 2190
1146 2730 2190
1147 2838 2190
1148 2946 2190
1149 3054 2190
1150 3162 2190
1151 3270 2190
1152 3378 2190
1153 3486 2190
1154 3594 2190
1155 3702 2190
1156 3810 2190
1157 3918 2190
1158 4026 2190
1159 4134 2190
1160 4242 2190
1161 4350 2190
1162 4458 2190
1163 4566 2190
1164 4674 2190
1165 4782 2190
1166 4890 2190
1167 4998 2190
1168 5106 2190
1169 5214 2190
1170 5322 2190
1171 5430 2190
1172 5538 2190
1173 5646 2190
1174 5754 2190
1175 5862 2190
1176 5970 2190
1177 30 2298
1178 138 2298
1179 246 2298
1180 354 2298
1181 462 2298
1182 570 2298
1183 678 2298
1184 786 2298
1185 894 2298
1186 1002 2298
1187 1110 2298
1188 1218 2298
1189 1326 2298
1190 1434 2298
1191 1542 2298
1192 1650 2298
1193 1758 2298
1194 1866 2298
1195 1974 2298
1196 2082 2298
1197 2190 2298
1198 2298 2298
1199 2406 2298
1200 2514 2298
1201 2622 2298
1202 2730 2298
1203 2838 2298
1204 2946 2298
1205 3054 2298
1206 3162 2298
1207 3270 2298
1208 3378 2298
1209 3486 2298
1210 3594 2298
1211 3702 2298
1212 3810 2298
1213 3918 2298
1214 4026 2298
1215 4134 2298
1216 4242 2298
1217 4350 2298
1218 4458 2298
1219 4566 2298
1220 4674 2298
1221 4782 2298
1222 4890 2298
1223 4998 2298
1224 5106 2298
1225 5214 2298
1226 5322 2298
1227 5430 2298
1228 5538 2298
1229 5646 2298
1230 5754 2298
1231 5862 2298
1232 5970 2298
1233 30 2406
1234 138 2406
1235 246 2406
1236 354 2406
1237 462 2406
1238 570 2406
1239 678 2406
1240 786 2406
1241 894 2406
1242 1002 2406
1243 1110 2406
1244 1218 2406
1245 1326 2406
1246 1434 2406
1247 1542 2406
1248 1650 2406
1249 1758 2406
1250 1866 2406
1251 1974 2406
1252 2082 2406
1253 2190 2406
1254 2298 2406
1255 2406 2406
1256 2514 2406
1257 2622 2406
1258 2730 2406
1259 2838 2406
1260 2946 2406
1261 3054 2406
1262 3162 2406
1263 3270 2406
1264 3378 2406
1265 3486 2406
1266 3594 2406
1267 3702 2406
1268 3810 2406
1269 3918 2406
1270 4026 2406
1271 4134 2406
1272 4242 2406
1273 4350 2406
1274 4458 2406
1275 4566 2406
1276 4674 2406
1277 4782 2406
1278 4890 2406
1279 4998 2406
1280 5106 2406
1281 5214 2406
1282 5322 2406
1283 5430 2406
1284 5538 2406
1285 5646 2406
1286 5754 2406
1287 5862 2406
1288 5970 2406
1289 30 2514
1290 138 2514
1291 246 2514
1292 354 2514
1293 462 2514
1294 570 2514
1295 678 2514
1296 786 2514
1297 894 2514
1298 1002 2514
1299 1110 2514
1300 1218 2514
1301 1326 2514
1302 1434 2514
1303 1542 2514
1304 1650 2514
1305 1758 2514
1306 1866 2514
1307 1974 2514
1308 2082 2514
1309 2190 2514
1310 2298 2514
1311 2406 2514
1312 2514 2514
1313 2622 2514
1314 2730 2514
1315 2838 2514
1316 2946 2514
1317 3054 2514
1318 3162 2514
1319 3270 2514
1320 3378 2514
1321 3486 2514
1322 3594 2514
1323 3702 2514
1324 3810 2514
1325 3918 2514
1326 4026 2514
1327 4134 2514
1328 4242 2514
1329 4350 2514
1330 4458 2514
1331 4566 2514
1332 4674 2514
1333 4782 2514
1334 4890 2514
1335 4998 2514
1336 5106 2514
1337 5214 2514
1338 5322 2514
1339 5430 2514
1340 5538 2514
1341 5646 2514
1342 5754 2514
1343 5862 2514
1344 5970 2514
1345 30 2622
1346 138 2622
1347 246 2622
1348 354 2622
1349 462 2622
1350 570 2622
1351 678 2622
1352 786 2622
1353 894 2622
1354 1002 2622
1355 1110 2622
1356 1218 2622
1357 1326 2622
1358 1434 2622
1359 1542 2622
1360 1650 2622
1361 1758 2622
1362 1866 2622
1363 1974 2622
1364 2082 2622
1365 2190 2622
1366 2298 2622
1367 2406 2622
1368 2514 2622
1369 2622 2622
1370 2730 2622
1371 2838 2622
1372 2946 2622
1373 3054 2622
1374 3162 2622
1375 3270 2622
1376 3378 2622
1377 3486 2622
1378 3594 2622
1379 3702 2622
1380 3810 2622
1381 3918 2622
1382 4026 2622
1383 4134 2622
1384 4242 2622
1385 4350 2622
1386 4458 2622
1387 4566 2622
1388 4674 2622
1389 4782 2622
1390 4890 2622
1391 4998 2622
1392 5106 2622
1393 5214 2622
1394 5322 2622
1395 5430 2622
1396 5538 2622
1397 5646 2622
1398 5754 2622
1399 5862 2622
1400 5970 2622
1401 30 2730
1402 138 2730
1403 246 2730
1404 354 2730
1405 462 2730
1406 570 2730
1407 678 2730
1408 786 2730
1409 894 2730
1410 1002 2730
1411 1110 2730
1412 1218 2730
1413 1326 2730
1414 1434 2730
1415 1542 2730
1416 1650 2730
1417 1758 2730
1418 1866 2730
1419 1974 2730
1420 2082 2730
1421 2190 2730
1422 2298 2730
1423 2406 2730
1424 2514 2730
1425 2622 2730
1426 2730 2730
1427 2838 2730
1428 2946 2730
1429 3054 2730
1430 3162 2730
1431 3270 2730
1432 3378 2730
1433 3486 2730
1434 3594 2730
1435 3702 2730
1436 3810 2730
1437 3918 2730
1438 4026 2730
1439 4134 2730
1440 4242 2730
1441 4350 2730
1442 4458 2730
1443 4566 2730
1444 4674 2730
1445 4782 2730
1446 4890 2730
1447 4998 2730
1448 5106 2730
1449 5214 2730
1450 5322 2730
1451 5430 2730
1452 5538 2730
1453 5646 2730
1454 5754 2730
1455 5862 2730
1456 5970 2730
1457 30 2838
1458 138 2838
1459 246 2838
1460 354 2838
1461 462 2838
1462 570 2838
1463 678 2838
1464 786 2838
1465 894 2838
1466 1002 2838
1467 1110 2838
1468 1218 2838
1469 1326 2838
1470 1434 2838
1471 1542 2838
1472 1650 2838
1473 1758 2838
1474 1866 2838
1475 1974 2838
1476 2082 2838
1477 2190 2838
1478 2298 2838
1479 2406 2838
1480 2514 2838
1481 2622 2838
1482 2730 2838
1483 2838 2838
1484 2946 2838
1485 3054 2838
1486 3162 2838
1487 3270 2838
1488 3378 2838
1489 3486 2838
1490 3594 2838
1491 3702 2838
1492 3810 2838
1493 3918 2838
1494 4026 2838
1495 4134 2838
1496 4242 2838
1497 4350 2838
1498 4458 2838
1499 4566 2838
1500 4674 2838
1501 4782 2838
1502 4890 2838
1503 4998 2838
1504 5106 2838
1505 5214 2838
1506 5322 2838
1507 5430 2838
1508 5538 2838
1509 5646 2838
1510 5754 2838
1511 5862 2838
1512 5970 2838
1513 30 2946
1514 138 2946
1515 246 2946
1516 354 2946
1517 462 2946
1518 570 2946
1519 678 2946
1520 786 2946
1521 894 2946
1522 1002 2946
1523 1110 2946
1524 1218 2946
1525 1326 2946
1526 1434 2946
1527 1542 2946
1528 1650 2946
1529 1758 2946
1530 1866 2946
1531 1974 2946
1532 2082 2946
1533 2190 2946
1534 2298 2946
1535 2406 2946
1536 2514 2946
1537 2622 2946
1538 2730 2946
1539 2838 2946
1540 2946 2946
1541 3054 2946
1542 3162 2946
1543 3270 2946
1544 3378 2946
1545 3486 2946
1546 3594 2946
1547 3702 2946
1548 3810 2946
1549 3918 2946
1550 4026 2946
1551 4134 2946
1552 4242 2946
1553 4350 2946
1554 4458 2946
1555 4566 2946
1556 4674 2946
1557 4782 2946
1558 4890 2946
1559 4998 2946
1560 5106 2946
1561 5214 2946
1562 5322 2946
1563 5430 2946
1564 5538 2946
1565 5646 2946
1566 5754 2946
1567 5862 2946
1568 5970 2946
1569 30 3054
1570 138 3054
1571 246 3054
1572 354 3054
1573 462 3054
1574 570 3054
1575 678 3054
1576 786 3054
1577 894 3054
1578 1002 3054
1579 1110 3054
1580 1218 3054
1581 1326 3054
1582 1434 3054
1583 1542 3054
1584 1650 3054
1585 1758 3054
1586 1866 3054
1587 1974 3054
1588 2082 3054
1589 2190 3054
1590 2298 3054
1591 2406 3054
1592 2514 3054
1593 2622 3054
1594 2730 3054
1595 2838 3054
1596 2946 3054
1597 3054 3054
1598 3162 3054
1599 3270 3054
1600 3378 3054
1601 3486 3054
1602 3594 3054
1603 3702 3054
1604 3810 3054
1605 3918 3054
1606 4026 3054
1607 4134 3054
1608 4242 3054
1609 4350 3054
1610 4458 3054
1611 4566 3054
1612 4674 3054
1613 4782 3054
1614 4890 3054
1615 4998 3054
1616 5106 3054
1617 5214 3054
1618 5322 3054
1619 5430 3054
1620 5538 3054
1621 5646 3054
1622 5754 3054
1623 5862 3054
1624 5970 3054
1625 30 3162
1626 138 3162
1627 246 3162
1628 354 3162
1629 462 3162
1630 570 3162
1631 678 3162
1632 786 3162
1633 894 3162
1634 1002 3162
1635 1110 3162
1636 1218 3162
1637 1326 3162
1638 1434 3162
1639 1542 3162
1640 1650 3162
1641 1758 3162
1642 1866 3162
1643 1974 3162
1644 2082 3162
1645 2190 3162
1646 2298 3162
1647 2406 3162
1648 2514 3162
1649 2622 3162
1650 2730 3162
1651 2838 3162
1652 2946 3162
1653 3054 3162
1654 3162 3162
1655 3270 3162
1656 3378 3162
1657 3486 3162
1658 3594 3162
1659 3702 3162
1660 3810 3162
1661 3918 3162
1662 4026 3162
1663 4134 3162
1664 4242 3162
1665 4350 3162
1666 4458 3162
1667 4566 3162
1668 4674 3162
1669 4782 3162
1670 4890 3162
1671 4998 3162
1672 5106 3162
1673 5214 3162
1674 5322 3162
1675 5430 3162
1676 5538 3162
1677 5646 3162
1678 5754 3162
1679 5862 3162
1680 5970 3162
1681 30 3270
1682 138 3270
1683 246 3270
1684 354 3270
1685 462 3270
1686 570 3270
1687 678 3270
1688 786 3270
1689 894 3270
1690 1002 3270
1691 1110 3270
1692 1218 3270
1693 1326 3270
1694 1434 3270
1695 1542 3270
1696 1650 3270
1697 1758 3270
1698 1866 3270
1699 1974 3270
1700 2082 3270
1701 2190 3270
1702 2298 3270
1703 2406 3270
1704 2514 3270
1705 2622 3270
1706 2730 3270
1707 2838 3270
1708 2946 3270
1709 3054 3270
1710 3162 3270
1711 3270 3270
1712 3378 3270
1713 3486 3270
1714 3594 3270
1715 3702 3270
1716 3810 3270
1717 3918 3270
1718 4026 3270
1719 4134 3270
1720 4242 3270
1721 4350 3270
1722 4458 3270
1723 4566 3270
1724 4674 3270
1725 4782 3270
1726 4890 3270
1727 4998 3270
1728 5106 3270
1729 5214 3270
1730 5322 3270
1731 5430 3270
1732 5538 3270
1733 5646 3270
1734 5754 3270
1735 5862 3270
1736 5970 3270
1737 30 3378
1738 138 3378
1739 246 3378
1740 354 3378
1741 462 3378
1742 570 3378
1743 678 3378
1744 786 3378
1745 894 3378
1746 1002 3378
1747 1110 3378
1748 1218 3378
1749 1326 3378
1750 1434 3378
1751 1542 3378
1752 1650 3378
1753 1758 3378
1754 1866 3378
1755 1974 3378
1756 2082 3378
1757 2190 3378
1758 2298 3378
1759 2406 3378
1760 2514 3378
1761 2622 3378
1762 2730 3378
1763 2838 3378
1764 2946 3378
1765 3054 3378
1766 3162 3378
1767 3270 3378
1768 3378 3378
1769 3486 3378
1770 3594 3378
1771 3702 3378
1772 3810 3378
1773 3918 3378
1774 4026 3378
1775 4134 3378
1776 4242 3378
1777 4350 3378
1778 4458 3378
1779 4566 3378
1780 4674 3378
1781 4782 3378
1782 4890 3378
1783 4998 3378
1784 5106 3378
1785 5214 3378
1786 5322 3378
1787 5430 3378
1788 5538 3378
1789 5646 3378
1790 5754 3378
1791 5862 3378
1792 5970 3378
1793 30 3486
1794 138 3486
1795 246 3486
1796 354 3486
1797 462 3486
1798 570 3486
1799 678 3486
1800 786 3486
1801 894 3486
1802 1002 3486
1803 1110 3486
1804 1218 3486
1805 1326 3486
1806 1434 3486
1807 1542 3486
1808 1650 3486
1809 1758 3486
1810 1866 3486
1811 1974 3486
1812 2082 3486
1813 2190 3486
1814 2298 3486
1815 2406 3486
1816 2514 3486
1817 2622 3486
1818 2730 3486
1819 2838 3486
1820 2946 3486
1821 3054 3486
1822 3162 3486
1823 3270 3486
1824 3378 3486
1825 3486 3486
1826 3594 3486
1827 3702 3486
1828 3810 3486
1829 3918 3486
1830 4026 3486
1831 4134 3486
1832 4242 3486
1833 4350 3486
1834 4458 3486
1835 4566 3486
1836 4674 3486
1837 4782 3486
1838 4890 3486
1839 4998 3486
1840 5106 3486
1841 5214 3486
1842 5322 3486
1843 5430 3486
1844 5538 3486
1845 5646 3486
1846 5754 3486
1847 5862 3486
1848 5970 3486
1849 30 3594
1850 138 3594
1851 246 3594
1852 354 3594
1853 462 3594
1854 570 3594
1855 678 3594
1856 786 3594
1857 894 3594
1858 1002 3594
1859 1110 3594
1860 1218 3594
1861 1326 3594
1862 1434 3594
1863 1542 3594
1864 1650 3594
1865 1758 3594
1866 1866 3594
1867 1974 3594
1868 2082 3594
1869 2190 3594
1870 2298 3594
1871 2406 3594
1872 2514 3594
1873 2622 3594
1874 2730 3594
1875 2838 3594
1876 2946 3594
1877 3054 3594
1878 3162 3594
1879 3270 3594
1880 3378 3594
1881 3486 3594
1882 3594 3594
1883 3702 3594
1884 3810 3594
1885 3918 3594
1886 4026 3594
1887 4134 3594
1888 4242 3594
1889 4350 3594
1890 4458 3594
1891 4566 3594
1892 4674 3594
1893 4782 3594
1894 4890 3594
1895 4998 3594
1896 5106 3594
1897 5214 3594
1898 5322 3594
1899 5430 3594
1900 5538 3594
1901 5646 3594
1902 5754 3594
1903 5862 3594
1904 5970 3594
1905 30 3702
1906 138 3702
1907 246 3702
1908 354 3702
1909 462 3702
1910 570 3702
1911 678 3702
1912 786 3702
1913 894 3702
1914 1002 3702
1915 1110 3702
1916 1218 3702
1917 1326 3702
1918 1434 3702
1919 1542 3702
1920 1650 3702
1921 1758 3702
1922 1866 3702
1923 1974 3702
1924 2082 3702
1925 2190 3702
1926 2298 3702
1927 2406 3702
1928 2514 3702
1929 2622 3702
1930 2730 3702
1931 2838 3702
1932 2946 3702
1933 3054 3702
1934 3162 3702
1935 3270 3702
1936 3378 3702
1937 3486 3702
1938 3594 3702
1939 3702 3702
1940 3810 3702
1941 3918 3702
1942 4026 3702
1943 4134 3702
1944 4242 3702
1945 4350 3702
1946 4458 3702
1947 4566 3702
1948 4674 3702
1949 4782 3702
1950 4890 3702
1951 4998 3702
1952 5106 3702
1953 5214 3702
1954 5322 3702
1955 5430 3702
1956 5538 3702
1957 5646 3702
1958 5754 3702
1959 5862 3702
1960 5970 3702
1961 30 3810
1962 138 3810
1963 246 3810
1964 354 3810
1965 462 3810
1966 570 3810
1967 678 3810
1968 786 3810
1969 894 3810
1970 1002 3810
1971 1110 3810
1972 1218 3810
1973 1326 3810
1974 1434 3810
1975 1542 3810
1976 1650 3810
1977 1758 3810
1978 1866 3810
1979 1974 3810
1980 2082 3810
1981 2190 3810
1982 2298 3810
1983 2406 3810
1984 2514 3810
1985 2622 3810
1986 2730 3810
1987 2838 3810
1988 2946 3810
1989 3054 3810
1990 3162 3810
1991 3270 3810
1992 3378 3810
1993 3486 3810
1994 3594 3810
1995 3702 3810
1996 3810 3810
1997 3918 3810
1998 4026 3810
1999 4134 3810
2000 4242 3810
2001 4350 3810
2002 4458 3810
2003 4566 3810
2004 4674 3810
2005 4782 3810
2006 4890 3810
2007 4998 3810
2008 5106 3810
2009 5214 3810
2010 5322 3810
2011 5430 3810
2012 5538 3810
2013 5646 3810
2014 5754 3810
2015 5862 3810
2016 5970 3810
2017 30 3918
2018 138 3918
2019 246 3918
2020 354 3918
2021 462 3918
2022 570 3918
2023 678 3918
2024 786 3918
2025 894 3918
2026 1002 3918
2027 1110 3918
2028 1218 3918
2029 1326 3918
2030 1434 3918
2031 1542 3918
2032 1650 3918
2033 1758 3918
2034 1866 3918
2035 1974 3918
2036 2082 3918
2037 2190 3918
2038 2298 3918
2039 2406 3918
2040 2514 3918
2041 2622 3918
2042 2730 3918
2043 2838 3918
2044 2946 3918
2045 3054 3918
2046 3162 3918
2047 3270 3918
2048 3378 3918
2049 3486 3918
2050 3594 3918
2051 3702 3918
2052 3810 3918
2053 3918 3918
2054 4026 3918
2055 4134 3918
2056 4242 3918
2057 4350 3918
2058 4458 3918
2059 4566 3918
2060 4674 3918
2061 4782 3918
2062 4890 3918
2063 4998 3918
2064 5106 3918
2065 5214 3918
2066 5322 3918
2067 5430 3918
2068 5538 3918
2069 5646 3918
2070 5754 3918
2071 5862 3918
2072 5970 3918
2073 30 4026
2074 138 4026
2075 246 4026
2076 354 4026
2077 462 4026
2078 570 4026
2079 678 4026
2080 786 4026
2081 894 4026
2082 1002 4026
2083 1110 4026
2084 1218 4026
2085 1326 4026
2086 1434 4026
2087 1542 4026
2088 1650 4026
2089 1758 4026
2090 1866 4026
2091 1974 4026
2092 2082 4026
2093 2190 4026
2094 2298 4026
2095 2406 4026
2096 2514 4026
2097 2622 4026
2098 2730 4026
2099 2838 4026
2100 2946 4026
2101 3054 4026
2102 3162 4026
2103 3270 4026
2104 3378 4026
2105 3486 4026
2106 3594 4026
2107 3702 4026
2108 3810 4026
2109 3918 4026
2110 4026 4026
2111 4134 4026
2112 4242 4026
2113 4350 4026
2114 4458 4026
2115 4566 4026
2116 4674 4026
2117 4782 4026
2118 4890 4026
2119 4998 4026
2120 5106 4026
2121 5214 4026
2122 5322 4026
2123 5430 4026
2124 5538 4026
2125 5646 4026
2126 5754 4026
2127 5862 4026
2128 5970 4026
2129 30 4134
2130 138 4134
2131 246 4134
2132 354 4134
2133 462 4134
2134 570 4134
2135 678 4134
2136 786 4134
2137 894 4134
2138 1002 4134
2139 1110 4134
2140 1218 4134
2141 1326 4134
2142 1434 4134
2143 1542 4134
2144 1650 4134
2145 1758 4134
2146 1866 4134
2147 1974 4134
2148 2082 4134
2149 2190 4134
2150 2298 4134
2151 2406 4134
2152 2514 4134
2153 2622 4134
2154 2730 4134
2155 2838 4134
2156 2946 4134
2157 3054 4134
2158 3162 4134
2159 3270 4134
2160 3378 4134
2161 3486 4134
2162 3594 4134
2163 3702 4134
2164 3810 4134
2165 3918 4134
2166 4026 4134
2167 4134 4134
2168 4242 4134
2169 4350 4134
2170 4458 4134
2171 4566 4134
2172 4674 4134
2173 4782 4134
2174 4890 4134
2175 4998 4134
2176 5106 4134
2177 5214 4134
2178 5322 4134
2179 5430 4134
2180 5538 4134
2181 5646 4134
2182 5754 4134
2183 5862 4134
2184 5970 4134
2185 30 4242
2186 138 4242
2187 246 4242
2188 354 4242
2189 462 4242
2190 570 4242
2191 678 4242
2192 786 4242
2193 894 4242
2194 1002 4242
2195 1110 4242
2196 1218 4242
2197 1326 4242
2198 1434 4242
2199 1542 4242
2200 1650 4242
2201 1758 4242
2202 1866 4242
2203 1974 4242
2204 2082 4242
2205 2190 4242
2206 2298 4242
2207 2406 4242
2208 2514 4242
2209 2622 4242
2210 2730 4242
2211 2838 4242
2212 2946 4242
2213 3054 4242
2214 3162 4242
2215 3270 4242
2216 3378 4242
2217 3486 4242
2218 3594 4242
2219 3702 4242
2220 3810 4242
2221 3918 4242
2222 4026 4242
2223 4134 4242
2224 4242 4242
2225 4350 4242
2226 4458 4242
2227 4566 4242
2228 4674 4242
2229 4782 4242
2230 4890 4242
2231 4998 4242
2232 5106 4242
2233 5214 4242
2234 5322 4242
2235 5430 4242
2236 5538 4242
2237 5646 4242
2238 5754 4242
2239 5862 4242
2240 5970 4242
2241 30 4350
2242 138 4350
2243 246 4350
2244 354 4350
2245 462 4350
2246 570 4350
2247 678 4350
2248 786 4350
2249 894 4350
2250 1002 4350
2251 1110 4350
2252 1218 4350
2253 1326 4350
2254 1434 4350
2255 1542 4350
2256 1650 4350
2257 1758 4350
2258 1866 4350
2259 1974 4350
2260 2082 4350
2261 2190 4350
2262 2298 4350
2263 2406 4350
2264 2514 4350
2265 2622 4350
2266 2730 4350
2267 2838 4350
2268 2946 4350
2269 3054 4350
2270 3162 4350
2271 3270 4350
2272 3378 4350
2273 3486 4350
2274 3594 4350
2275 3702 4350
2276 3810 4350
2277 3918 4350
2278 4026 4350
2279 4134 4350
2280 4242 4350
2281 4350 4350
2282 4458 4350
2283 4566 4350
2284 4674 4350
2285 4782 4350
2286 4890 4350
2287 4998 4350
2288 5106 4350
2289 5214 4350
2290 5322 4350
2291 5430 4350
2292 5538 4350
2293 5646 4350
2294 5754 4350
2295 5862 4350
2296 5970 4350
2297 30 4458
2298 138 4458
2299 246 4458
2300 354 4458
2301 462 4458
2302 570 4458
2303 678 4458
2304 786 4458
2305 894 4458
2306 1002 4458
2307 1110 4458
2308 1218 4458
2309 1326 4458
2310 1434 4458
2311 1542 4458
2312 1650 4458
2313 1758 4458
2314 1866 4458
2315 1974 4458
2316 2082 4458
2317 2190 4458
2318 2298 4458
2319 2406 4458
2320 2514 4458
2321 2622 4458
2322 2730 4458
2323 2838 4458
2324 2946 4458
2325 3054 4458
2326 3162 4458
2327 3270 4458
2328 3378 4458
2329 3486 4458
2330 3594 4458
2331 3702 4458
2332 3810 4458
2333 3918 4458
2334 4026 4458
2335 4134 4458
2336 4242 4458
2337 4350 4458
2338 4458 4458
2339 4566 4458
2340 4674 4458
2341 4782 4458
2342 4890 4458
2343 4998 4458
2344 5106 4458
2345 5214 4458
2346 5322 4458
2347 5430 4458
2348 5538 4458
2349 5646 4458
2350 5754 4458
2351 5862 4458
2352 5970 4458
2353 30 4566
2354 138 4566
2355 246 4566
2356 354 4566
2357 462 4566
2358 570 4566
2359 678 4566
2360 786 4566
2361 894 4566
2362 1002 4566
2363 1110 4566
2364 1218 4566
2365 1326 4566
2366 1434 4566
2367 1542 4566
2368 1650 4566
2369 1758 4566
2370 1866 4566
2371 1974 4566
2372 2082 4566
2373 2190 4566
2374 2298 4566
2375 2406 4566
2376 2514 4566
2377 2622 4566
2378 2730 4566
2379 2838 4566
2380 2946 4566
2381 3054 4566
2382 3162 4566
2383 3270 4566
2384 3378 4566
2385 3486 4566
2386 3594 4566
2387 3702 4566
2388 3810 4566
2389 3918 4566
2390 4026 4566
2391 4134 4566
2392 4242 4566
2393 4350 4566
2394 4458 4566
2395 4566 4566
2396 4674 4566
2397 4782 4566
2398 4890 4566
2399 4998 4566
2400 5106 4566
2401 5214 4566
2402 5322 4566
2403 5430 4566
2404 5538 4566
2405 5646 4566
2406 5754 4566
2407 5862 4566
2408 5970 4566
2409 30 4674
2410 138 4674
2411 246 4674
2412 354 4674
2413 462 4674
2414 570 4674
2415 678 4674
2416 786 4674
2417 894 4674
2418 1002 4674
2419 1110 4674
2420 1218 4674
2421 1326 4674
2422 1434 4674
2423 1542 4674
2424 1650 4674
2425 1758 4674
2426 1866 4674
2427 1974 4674
2428 2082 4674
2429 2190 4674
2430 2298 4674
2431 2406 4674
2432 2514 4674
2433 2622 4674
2434 2730 4674
2435 2838 4674
2436 2946 4674
2437 3054 4674
2438 3162 4674
2439 3270 4674
2440 3378 4674
2441 3486 4674
2442 3594 4674
2443 3702 4674
2444 3810 4674
2445 3918 4674
2446 4026 4674
2447 4134 4674
2448 4242 4674
2449 4350 4674
2450 4458 4674
2451 4566 4674
2452 4674 4674
2453 4782 4674
2454 4890 4674
2455 4998 4674
2456 5106 4674
2457 5214 4674
2458 5322 4674
2459 5430 4674
2460 5538 4674
2461 5646 4674
2462 5754 4674
2463 5862 4674
2464 5970 4674
2465 30 4782
2466 138 4782
2467 246 4782
2468 354 4782
2469 462 4782
2470 570 4782
2471 678 4782
2472 786 4782
2473 894 4782
2474 1002 4782
2475 1110 4782
2476 1218 4782
2477 1326 4782
2478 1434 4782
2479 1542 4782
2480 1650 4782
2481 1758 4782
2482 1866 4782
2483 1974 4782
2484 2082 4782
2485 2190 4782
2486 2298 4782
2487 2406 4782
2488 2514 4782
2489 2622 4782
2490 2730 4782
2491 2838 4782
2492 2946 4782
2493 3054 4782
2494 3162 4782
2495 3270 4782
2496 3378 4782
2497 3486 4782
2498 3594 4782
2499 3702 4782
2500 3810 4782
2501 3918 4782
2502 4026 4782
2503 4134 4782
2504 4242 4782
2505 4350 4782
2506 4458 4782
2507 4566 4782
2508 4674 4782
2509 4782 4782
2510 4890 4782
2511 4998 4782
2512 5106 4782
2513 5214 4782
2514 5322 4782
2515 5430 4782
2516 5538 4782
2517 5646 4782
2518 5754 4782
2519 5862 4782
2520 5970 4782
2521 30 4890
2522 138 4890
2523 246 4890
2524 354 4890
2525 462 4890
2526 570 4890
2527 678 4890
2528 786 4890
2529 894 4890
2530 1002 4890
2531 1110 4890
2532 1218 4890
2533 1326 4890
2534 1434 4890
2535 1542 4890
2536 1650 4890
2537 1758 4890
2538 1866 4890
2539 1974 4890
2540 2082 4890
2541 2190 4890
2542 2298 4890
2543 2406 4890
2544 2514 4890
2545 2622 4890
2546 2730 4890
2547 2838 4890
2548 2946 4890
2549 3054 4890
2550 3162 4890
2551 3270 4890
2552 3378 4890
2553 3486 4890
2554 3594 4890
2555 3702 4890
2556 3810 4890
2557 3918 4890
2558 4026 4890
2559 4134 4890
2560 4242 4890
2561 4350 4890
2562 4458 4890
2563 4566 4890
2564 4674 4890
2565 4782 4890
2566 4890 4890
2567 4998 4890
2568 5106 4890
2569 5214 4890
2570 5322 4890
2571 5430 4890
2572 5538 4890
2573 5646 4890
2574 5754 4890
2575 5862 4890
2576 5970 4890
2577 30 4998
2578 138 4998
2579 246 4998
2580 354 4998
2581 462 4998
2582 570 4998
2583 678 4998
2584 786 4998
2585 894 4998
2586 1002 4998
2587 1110 4998
2588 1218 4998
2589 1326 4998
2590 1434 4998
2591 1542 4998
2592 1650 4998
2593 1758 4998
2594 1866 4998
2595 1974 4998
2596 2082 4998
2597 2190 4998
2598 2298 4998
2599 2406 4998
2600 2514 4998
2601 2622 4998
2602 2730 4998
2603 2838 4998
2604 2946 4998
2605 3054 4998
2606 3162 4998
2607 3270 4998
2608 3378 4998
2609 3486 4998
2610 3594 4998
2611 3702 4998
2612 3810 4998
2613 3918 4998
2614 4026 4998
2615 4134 4998
2616 4242 4998
2617 4350 4998
2618 4458 4998
2619 4566 4998
2620 4674 4998
2621 4782 4998
2622 4890 4998
2623 4998 4998
2624 5106 4998
2625 5214 4998
2626 5322 4998
2627 5430 4998
2628 5538 4998
2629 5646 4998
2630 5754 4998
2631 5862 4998
2632 5970 4998
2633 30 5106
2634 138 5106
2635 246 5106
2636 354 5106
2637 462 5106
2638 570 5106
2639 678 5106
2640 786 5106
2641 894 5106
2642 1002 5106
2643 1110 5106
2644 1218 5106
2645 1326 5106
2646 1434 5106
2647 1542 5106
2648 1650 5106
2649 1758 5106
2650 1866 5106
2651 1974 5106
2652 2082 5106
2653 2190 5106
2654 2298 5106
2655 2406 5106
2656 2514 5106
2657 2622 5106
2658 2730 5106
2659 2838 5106
2660 2946 5106
2661 3054 5106
2662 3162 5106
2663 3270 5106
2664 3378 5106
2665 3486 5106
2666 3594 5106
2667 3702 5106
2668 3810 5106
2669 3918 5106
2670 4026 5106
2671 4134 5106
2672 4242 5106
2673 4350 5106
2674 4458 5106
2675 4566 5106
2676 4674 5106
2677 4782 5106
2678 4890 5106
2679 4998 5106
2680 5106 5106
2681 5214 5106
2682 5322 5106
2683 5430 5106
2684 5538 5106
2685 5646 5106
2686 5754 5106
2687 5862 5106
2688 5970 5106
2689 30 5214
2690 138 5214
2691 246 5214
2692 354 5214
2693 462 5214
2694 570 5214
2695 678 5214
2696 786 5214
2697 894 5214
2698 1002 5214
2699 1110 5214
2700 1218 5214
2701 1326 5214
2702 1434 5214
2703 1542 5214
2704 1650 5214
2705 1758 5214
2706 1866 5214
2707 1974 5214
2708 2082 5214
2709 2190 5214
2710 2298 5214
2711 2406 5214
2712 2514 5214
2713 2622 5214
2714 2730 5214
2715 2838 5214
2716 2946 5214
2717 3054 5214
2718 3162 5214
2719 3270 5214
2720 3378 5214
2721 3486 5214
2722 3594 5214
2723 3702 5214
2724 3810 5214
2725 3918 5214
2726 4026 5214
2727 4134 5214
2728 4242 5214
2729 4350 5214
2730 4458 5214
2731 4566 5214
2732 4674 5214
2733 4782 5214
2734 4890 5214
2735 4998 5214
2736 5106 5214
2737 5214 5214
2738 5322 5214
2739 5430 5214
2740 5538 5214
2741 5646 5214
2742 5754 5214
2743 5862 5214
2744 5970 5214
2745 30 5322
2746 138 5322
2747 246 5322
2748 354 5322
2749 462 5322
2750 570 5322
2751 678 5322
2752 786 5322
2753 894 5322
2754 1002 5322
2755 1110 5322
2756 1218 5322
2757 1326 5322
2758 1434 5322
2759 1542 5322
2760 1650 5322
2761 1758 5322
2762 1866 5322
2763 1974 5322
2764 2082 5322
2765 2190 5322
2766 2298 5322
2767 2406 5322
2768 2514 5322
2769 2622 5322
2770 2730 5322
2771 2838 5322
2772 2946 5322
2773 3054 5322
2774 3162 5322
2775 3270 5322
2776 3378 5322
2777 3486 5322
2778 3594 5322
2779 3702 5322
2780 3810 5322
2781 3918 5322
2782 4026 5322
2783 4134 5322
2784 4242 5322
2785 4350 5322
2786 4458 5322
2787 4566 5322
2788 4674 5322
2789 4782 5322
2790 4890 5322
2791 4998 5322
2792 5106 5322
2793 5214 5322
2794 5322 5322
2795 5430 5322
2796 5538 5322
2797 5646 5322
2798 5754 5322
2799 5862 5322
2800 5970 5322
2801 30 5430
2802 138 5430
2803 246 5430
2804 354 5430
2805 462 5430
2806 570 5430
2807 678 5430
2808 786 5430
2809 894 5430
2810 1002 5430
2811 1110 5430
2812 1218 5430
2813 1326 5430
2814 1434 5430
2815 1542 5430
2816 1650 5430
2817 1758 5430
2818 1866 5430
2819 1974 5430
2820 2082 5430
2821 2190 5430
2822 2298 5430
2823 2406 5430
2824 2514 5430
2825 2622 5430
2826 2730 5430
2827 2838 5430
2828 2946 5430
2829 3054 5430
2830 3162 5430
2831 3270 5430
2832 3378 5430
2833 3486 5430
2834 3594 5430
2835 3702 5430
2836 3810 5430
2837 3918 5430
2838 4026 5430
2839 4134 5430
2840 4242 5430
2841 4350 5430
2842 4458 5430
2843 4566 5430
2844 4674 5430
2845 4782 5430
2846 4890 5430
2847 4998 5430
2848 5106 5430
2849 5214 5430
2850 5322 5430
2851 5430 5430
2852 5538 5430
2853 5646 5430
2854 5754 5430
2855 5862 5430
2856 5970 5430
2857 30 5538
2858 138 5538
2859 246 5538
2860 354 5538
2861 462 5538
2862 570 5538
2863 678 5538
2864 786 5538
2865 894 5538
2866 1002 5538
2867 1110 5538
2868 1218 5538
2869 1326 5538
2870 1434 5538
2871 1542 5538
2872 1650 5538
2873 1758 5538
2874 1866 5538
2875 1974 5538
2876 2082 5538
2877 2190 5538
2878 2298 5538
2879 2406 5538
2880 2514 5538
2881 2622 5538
2882 2730 5538
2883 2838 5538
2884 2946 5538
2885 3054 5538
2886 3162 5538
2887 3270 5538
2888 3378 5538
2889 3486 5538
2890 3594 5538
2891 3702 5538
2892 3810 5538
2893 3918 5538
2894 4026 5538
2895 4134 5538
2896 4242 5538
2897 4350 5538
2898 4458 5538
2899 4566 5538
2900 4674 5538
2901 4782 5538
2902 4890 5538
2903 4998 5538
2904 5106 5538
2905 5214 5538
2906 5322 5538
2907 5430 5538
2908 5538 5538
2909 5646 5538
2910 5754 5538
2911 5862 5538
2912 5970 5538
2913 30 5646
2914 138 5646
2915 246 5646
2916 354 5646
2917 462 5646
2918 570 5646
2919 678 5646
2920 786 5646
2921 894 5646
2922 1002 5646
2923 1110 5646
2924 1218 5646
2925 1326 5646
2926 1434 5646
2927 1542 5646
2928 1650 5646
2929 1758 5646
2930 1866 5646
2931 1974 5646
2932 2082 5646
2933 2190 5646
2934 2298 5646
2935 2406 5646
2936 2514 5646
2937 2622 5646
2938 2730 5646
2939 2838 5646
2940 2946 5646
2941 3054 5646
2942 3162 5646
2943 3270 5646
2944 3378 5646
2945 3486 5646
2946 3594 5646
2947 3702 5646
2948 3810 5646
2949 3918 5646
2950 4026 5646
2951 4134 5646
2952 4242 5646
2953 4350 5646
2954 4458 5646
2955 4566 5646
2956 4674 5646
2957 4782 5646
2958 4890 5646
2959 4998 5646
2960 5106 5646
2961 5214 5646
2962 5322 5646
2963 5430 5646
2964 5538 5646
2965 5646 5646
2966 5754 5646
2967 5862 5646
2968 5970 5646
2969 30 5754
2970 138 5754
2971 246 5754
2972 354 5754
2973 462 5754
2974 570 5754
2975 678 5754
2976 786 5754
2977 894 5754
2978 1002 5754
2979 1110 5754
2980 1218 5754
2981 1326 5754
2982 1434 5754
2983 1542 5754
2984 1650 5754
2985 1758 5754
2986 1866 5754
2987 1974 5754
2988 2082 5754
2989 2190 5754
2990 2298 5754
2991 2406 5754
2992 2514 5754
2993 2622 5754
2994 2730 5754
2995 2838 5754
2996 2946 5754
2997 3054 5754
2998 3162 5754
2999 3270 5754
3000 3378 5754
