3000
1 976 3959
2 3146 3718
3 5048 1957
4 5891 1118
5 4522 2453
6 817 3040
7 5845 3545
8 5022 4748
9 5244 4338
10 5990 5192
11 5549 5721
12 874 4844
13 1028 4999
14 4588 5995
15 5873 3904
16 3004 5704
17 4180 5266
18 1493 3330
19 1145 4001
20 5757 5415
21 5922 4590
22 1915 4790
23 5997 5723
24 5973 5995
25 3677 2778
26 2526 5419
27 5451 2280
28 494 2687
29 5600 5291
30 4213 5390
31 4909 1341
32 4819 5137
33 5137 730
34 5986 5139
35 1484 1556
36 5198 5485
37 1073 1745
38 3717 1088
39 5900 4174
40 5967 5459
41 1959 511
42 3154 5909
43 3838 3703
44 4546 2677
45 5545 1812
46 5903 5311
47 4868 3876
48 5990 4139
49 5989 4615
50 5977 2968
51 5657 3720
52 5435 5874
53 1737 3273
54 353 453
55 3084 5018
56 4033 3265
57 3155 3445
58 3493 5849
59 5606 775
60 5837 1280
61 387 5246
62 719 461
63 3268 5807
64 5578 5417
65 2001 4517
66 3901 1081
67 5995 704
68 5992 3494
69 5209 1763
70 3445 5078
71 2156 1397
72 1042 246
73 2593 3184
74 5904 1293
75 3780 4328
76 3324 5899
77 5863 5822
78 5813 5959
79 5986 731
80 2402 3495
81 3905 2445
82 174 2403
83 1122 5690
84 4098 4750
85 5919 2811
86 4544 5728
87 2957 3907
88 922 2258
89 2550 5975
90 5989 5999
91 1438 2245
92 2393 4875
93 2062 1119
94 5245 4146
95 92 5343
96 5268 5767
97 4836 5890
98 2641 5522
99 301 4336
100 5687 5709
101 4901 4226
102 3504 3136
103 3286 3407
104 2922 5779
105 3088 4323
106 2918 866
107 3584 4018
108 2688 5508
109 31 5821
110 5968 5989
111 3940 2869
112 1222 1895
113 3949 5758
114 3316 5835
115 3269 4413
116 5346 1756
117 5526 3674
118 5949 5275
119 5894 2160
120 3090 5214
121 869 5787
122 1090 2162
123 2053 5292
124 4971 5983
125 5942 1242
126 4340 5848
127 359 4806
128 5687 5913
129 4691 4408
130 1858 5999
131 5719 5694
132 3822 4547
133 1174 4626
134 5738 3574
135 3786 927
136 3953 3421
137 4852 4379
138 5824 4439
139 5673 818
140 5958 5184
141 5195 5221
142 5161 1231
143 3271 5688
144 3324 4969
145 5506 3273
146 5568 3636
147 1405 1658
148 5561 752
149 664 5435
150 4232 5850
151 5900 5172
152 4146 1014
153 3699 4105
154 1444 4743
155 5943 4066
156 5930 5105
157 1039 5601
158 3588 5461
159 4025 3780
160 5454 1956
161 5857 5505
162 5942 3618
163 5871 3505
164 5969 5617
165 4707 5585
166 3942 4611
167 5927 5625
168 2481 5943
169 3422 3782
170 4369 5872
171 2391 5884
172 5998 1298
173 4844 4784
174 2634 40
175 2391 202
176 2668 5999
177 4176 1015
178 2000 1444
179 5992 2529
180 3994 2441
181 2819 5884
182 5983 5861
183 4578 4555
184 96 3613
185 3531 2952
186 1455 5117
187 5583 3823
188 4036 2053
189 2200 5074
190 1800 1295
191 1656 2581
192 3673 5521
193 5692 2343
194 2037 401
195 4403 675
196 4883 964
197 2764 3401
198 5891 806
199 3325 3760
200 1032 3229
201 5086 2571
202 3234 4261
203 5605 5880
204 5691 4481
205 3737 4258
206 5982 4221
207 887 5881
208 2776 5848
209 4509 5607
210 5912 917
211 5889 2283
212 302 2309
213 5751 1943
214 1651 3539
215 1279 5406
216 5709 5365
217 5772 1344
218 4623 5172
219 4654 1863
220 3496 5922
221 3631 5237
222 3783 5919
223 2095 3702
224 5882 1229
225 2821 2452
226 4573 5755
227 5727 5786
228 4450 3333
229 5440 2738
230 1031 5833
231 200 3398
232 768 5528
233 5624 5996
234 4479 4519
235 4803 1237
236 553 3541
237 573 5964
238 2494 5917
239 5741 1810
240 5523 4187
241 1541 5409
242 3040 1027
243 5336 3796
244 5881 5144
245 4029 66
246 5661 3507
247 501 5918
248 2775 2739
249 5982 2006
250 3057 574
251 5294 4112
252 2871 5725
253 1852 652
254 5995 4706
255 5023 2526
256 3674 568
257 5930 5944
258 2552 5567
259 5928 1504
260 4849 1742
261 3900 3878
262 5989 4267
263 5241 4339
264 4151 557
265 5989 5722
266 1289 5477
267 5982 4222
268 4934 1389
269 5983 5077
270 2672 5586
271 4103 1040
272 3533 5719
273 3488 4295
274 1169 4020
275 5998 4043
276 3869 5679
277 5935 4645
278 3197 2187
279 5848 5837
280 1693 5214
281 4344 5642
282 4398 1935
283 1436 616
284 5607 4257
285 1022 2256
286 5580 5995
287 1557 5999
288 5170 1598
289 3621 2637
290 726 2599
291 5767 3105
292 3187 5537
293 666 5394
294 494 3618
295 2879 2776
296 3006 5459
297 399 5962
298 5837 4326
299 1851 4784
300 5690 358
301 2453 5992
302 5018 1839
303 5635 2336
304 4583 3503
305 5848 1733
306 1842 2854
307 4959 863
308 5538 913
309 2781 5416
310 1392 676
311 5973 5657
312 2252 2833
313 1394 5968
314 1502 5998
315 3533 127
316 830 5751
317 3957 5969
318 2668 5938
319 2924 4502
320 5081 5766
321 1936 1126
322 3048 5812
323 5986 2158
324 1805 3053
325 4616 90
326 5144 5985
327 3182 5408
328 1330 5661
329 4640 5962
330 1656 1951
331 2332 3489
332 4267 2952
333 3574 5669
334 3179 5968
335 5480 1447
336 5982 4295
337 3821 5194
338 3737 3408
339 3267 4506
340 1273 1796
341 408 647
342 5060 3335
343 5997 3421
344 2210 45
345 2788 5528
346 5999 5502
347 5476 2144
348 4619 2038
349 675 2678
350 1787 4191
351 2098 4789
352 4522 450
353 552 3984
354 3014 3506
355 3751 4434
356 3157 2050
357 2671 2623
358 4584 3008
359 553 4231
360 413 548
361 1488 4521
362 3584 3313
363 4751 973
364 330 5456
365 4478 42
366 5754 2246
367 5920 4439
368 4837 615
369 1487 4785
370 4874 4721
371 5873 4653
372 283 5003
373 1245 5659
374 1698 880
375 5051 5880
376 5184 2449
377 818 5964
378 2110 5922
379 1886 4821
380 1753 5997
381 5982 5075
382 4251 5894
383 2112 2620
384 3778 1037
385 339 5080
386 5676 5999
387 2106 5675
388 1647 5348
389 3549 5501
390 3748 5990
391 147 5874
392 2683 190
393 5983 4517
394 5969 310
395 2671 5769
396 5311 2624
397 3359 5480
398 4188 1035
399 5586 1862
400 1799 4928
401 2679 5873
402 4644 2666
403 5962 4445
404 4939 702
405 4745 4329
406 4990 3583
407 4605 4415
408 4580 5113
409 5348 205
410 5845 5964
411 3504 1427
412 5857 5162
413 5975 4647
414 2206 229
415 5369 2140
416 2876 119
417 4450 5211
418 3573 4036
419 2308 176
420 5994 4480
421 5952 5938
422 4304 1885
423 3489 5799
424 5618 2428
425 5712 973
426 658 5692
427 1248 783
428 5559 4966
429 4656 189
430 3700 653
431 4654 2248
432 5073 5911
433 5986 3708
434 4515 5030
435 5345 5958
436 1432 1792
437 2142 5870
438 335 1187
439 5741 4024
440 5999 3137
441 2049 2242
442 5560 769
443 1198 5348
444 5360 546
445 4506 1296
446 5372 3902
447 5992 5049
448 2863 2001
449 5261 5712
450 5937 5999
451 5171 3463
452 1392 2142
453 2947 5366
454 5997 5267
455 5911 5298
456 5740 5431
457 5873 2718
458 3633 4271
459 4972 5640
460 5993 5999
461 803 5567
462 771 665
463 5956 2299
464 5212 5481
465 5326 5295
466 5812 5022
467 3367 3746
468 4109 5527
469 4929 4725
470 5957 2828
471 2006 1710
472 2042 5676
473 1861 5753
474 5579 5295
475 3860 5262
476 3861 451
477 302 3504
478 5999 3399
479 5882 5759
480 5952 1240
481 3285 5902
482 4655 5765
483 5463 3098
484 2160 5736
485 4758 173
486 518 5388
487 4227 2106
488 5920 1039
489 1647 5031
490 1557 3049
491 2730 295
492 5949 1697
493 5741 3656
494 4137 4114
495 5662 3487
496 657 2483
497 5820 608
498 4717 3096
499 5707 4097
500 457 446
501 5507 5563
502 3377 3369
503 120 5675
504 5725 5706
505 5798 5952
506 5157 5074
507 2503 4400
508 5963 1695
509 5943 2399
510 2908 3994
511 5301 4819
512 5605 2379
513 4401 5288
514 1097 2883
515 5089 5643
516 3579 511
517 246 3100
518 5004 2879
519 4040 2394
520 3573 5750
521 4574 5857
522 450 2011
523 563 3944
524 467 5507
525 5999 5879
526 4839 1132
527 5951 5214
528 4225 5793
529 4901 2053
530 4343 1457
531 5823 2537
532 5527 5434
533 5222 4836
534 5833 4181
535 671 5874
536 5548 1939
537 3955 5934
538 247 4612
539 3790 5394
540 3447 5481
541 877 3940
542 5990 3111
543 5871 5879
544 1273 5113
545 5267 5978
546 5559 3530
547 3866 2099
548 1066 4479
549 614 4516
550 3983 1019
551 5261 5772
552 4943 1691
553 3570 5361
554 2917 5677
555 5920 1999
556 807 4969
557 4119 5893
558 5002 3495
559 1091 1900
560 4540 5633
561 5386 5704
562 4220 3200
563 5348 145
564 5891 5743
565 5986 5485
566 4227 3496
567 5757 4449
568 5994 2828
569 1340 5993
570 3330 2035
571 5781 1712
572 5974 5909
573 820 5744
574 1610 5221
575 4305 4104
576 5990 1690
577 2767 3538
578 3316 5619
579 5856 2234
580 4537 705
581 2577 5480
582 4848 5524
583 3958 1390
584 677 5927
585 4624 1814
586 5196 3914
587 3102 4941
588 3760 3994
589 5520 988
590 4538 4150
591 2201 1088
592 5528 4554
593 3007 5728
594 2914 3374
595 2724 5675
596 3054 5584
597 4711 2808
598 1340 5974
599 3827 5520
600 3672 5994
601 931 3695
602 2108 3237
603 2449 4586
604 5397 5659
605 5089 1430
606 5464 5995
607 308 5837
608 5183 5902
609 804 2997
610 3100 3634
611 3713 4405
612 3582 3144
613 5937 2809
614 5242 2247
615 4337 5643
616 2037 2526
617 3107 1231
618 5116 5486
619 5904 5881
620 2545 136
621 4547 2394
622 4998 2479
623 4447 2772
624 5271 5391
625 4943 5244
626 5218 4266
627 141 3592
628 5993 5016
629 3829 1132
630 5368 5615
631 5055 5677
632 3956 5956
633 357 361
634 4592 5172
635 3750 4033
636 5264 4607
637 5325 4906
638 4270 3310
639 2628 2767
640 5934 5322
641 3273 1169
642 2761 5704
643 2577 1592
644 5523 5901
645 5605 1705
646 1551 2684
647 2641 5922
648 4271 913
649 4915 5740
650 5989 5810
651 5779 1942
652 762 1400
653 5347 88
654 4620 560
655 5997 1084
656 1044 2284
657 1301 2548
658 4755 824
659 5997 923
660 569 1963
661 5982 3188
662 4376 3991
663 5587 3330
664 3878 4941
665 5623 228
666 5736 305
667 4040 5507
668 2047 3327
669 2810 5936
670 3587 5783
671 4102 5920
672 1134 3535
673 1984 5370
674 178 4780
675 1653 4660
676 5652 2388
677 1439 3449
678 5823 330
679 3989 4333
680 606 5962
681 333 5942
682 3451 5365
683 5990 1643
684 4576 4225
685 4327 769
686 4999 3902
687 5134 4370
688 5738 5926
689 2211 1382
690 5959 453
691 2062 5899
692 1401 4989
693 5949 5371
694 823 3694
695 4873 3189
696 5084 1344
697 1346 5224
698 2389 5735
699 5935 5998
700 5022 4478
701 4643 1448
702 3002 5894
703 3335 5835
704 625 2485
705 4558 4193
706 5657 87
707 5393 3865
708 1601 5564
709 713 2395
710 5983 963
711 5751 4175
712 2915 3701
713 5395 5889
714 4446 3984
715 5031 3019
716 5703 571
717 4575 1591
718 5652 4029
719 5927 3529
720 1243 1458
721 2823 879
722 2915 1328
723 3875 3536
724 3869 4782
725 2036 4232
726 5881 2205
727 4965 3439
728 5998 705
729 5998 3269
730 5952 3447
731 2338 3826
732 5997 5046
733 5549 763
734 4070 5497
735 5243 4774
736 917 5952
737 5371 2152
738 248 405
739 4268 4740
740 5638 2726
741 2955 4778
742 1086 1634
743 3110 4939
744 4934 4990
745 5825 2408
746 4543 4552
747 2769 3629
748 1227 1684
749 4035 300
750 5997 5462
751 1178 5918
752 5558 5995
753 1746 5389
754 84 2733
755 1347 809
756 2723 4717
757 5995 4964
758 3318 5917
759 5982 3396
760 5881 5999
761 3195 4294
762 4716 5142
763 148 5740
764 2133 2591
765 5287 5998
766 5640 5438
767 5958 4143
768 5168 3676
769 624 5929
770 5869 3153
771 3840 5244
772 5871 5616
773 1042 5418
774 709 5998
775 5968 5890
776 5655 4143
777 4897 3828
778 5835 1083
779 3628 4444
780 763 869
781 3989 919
782 5944 1434
783 4523 5558
784 5910 5899
785 4221 5861
786 1229 2159
787 920 2134
788 4182 3711
789 2454 2763
790 1586 5652
791 2247 2438
792 3449 5941
793 4157 1072
794 5567 1995
795 5750 3000
796 5582 1094
797 1646 2437
798 4840 5222
799 5873 1842
800 4546 888
801 4479 2099
802 5251 5049
803 3063 4718
804 1389 5483
805 1225 618
806 5735 2283
807 5022 3865
808 2994 238
809 5885 4911
810 4873 2634
811 4480 5166
812 718 2052
813 5199 3106
814 5385 5798
815 5158 5300
816 5945 5557
817 5442 3192
818 4107 5969
819 5851 291
820 5989 4438
821 5569 3093
822 2966 199
823 1661 5927
824 879 5899
825 2771 391
826 5995 5999
827 4362 4486
828 1655 2949
829 3531 4105
830 1754 5053
831 5787 2061
832 4552 5084
833 5270 3916
834 346 5224
835 3236 2290
836 349 2358
837 5409 5889
838 1852 4910
839 5197 5049
840 5371 5687
841 5951 5997
842 3202 2110
843 5811 1986
844 5582 3529
845 1442 5738
846 2199 5752
847 4267 4655
848 1541 136
849 981 4514
850 5942 5992
851 1903 5373
852 5942 4647
853 5145 5990
854 4405 5365
855 5361 2908
856 4073 5134
857 2907 781
858 4677 3410
859 3570 5800
860 397 3226
861 541 674
862 670 3013
863 173 5993
864 2723 332
865 1788 296
866 3837 5318
867 4446 5290
868 2550 5737
869 4080 5821
870 180 4653
871 722 3999
872 5756 3504
873 2907 5873
874 5965 1593
875 3872 5928
876 5164 2872
877 5215 5416
878 5197 4611
879 3051 5996
880 4002 4232
881 5919 5899
882 5741 3096
883 5751 4513
884 5702 5978
885 3754 4031
886 5500 226
887 5347 5928
888 5983 3546
889 5661 252
890 3056 406
891 5917 5943
892 5498 2721
893 4517 5194
894 2305 5919
895 4410 4931
896 4523 5114
897 3745 1483
898 5623 2354
899 2592 5407
900 3829 2010
901 3451 3834
902 4369 2051
903 5833 3041
904 5826 5498
905 5196 339
906 5087 3142
907 2260 2484
908 2551 38
909 5516 4840
910 1709 4078
911 2920 1634
912 4914 2585
913 5578 5636
914 5368 2810
915 3506 2732
916 5757 5111
917 2913 5496
918 708 5912
919 3100 1908
920 4111 2827
921 5963 5694
922 5986 4609
923 546 5797
924 3661 1784
925 3534 5881
926 3910 1692
927 4263 5967
928 4647 4585
929 1453 5997
930 4063 5753
931 4100 5140
932 5930 872
933 3486 3418
934 2249 4788
935 3138 4328
936 1066 1175
937 5822 3144
938 5453 2433
939 4113 2402
940 5873 3322
941 5024 4254
942 5772 4510
943 3738 5999
944 5395 1189
945 3060 5246
946 5881 5028
947 4581 5677
948 80 5962
949 2452 3821
950 5758 3841
951 390 4226
952 5969 3011
953 1121 2695
954 3226 5957
955 5765 5598
956 1855 4217
957 5959 5622
958 5261 1188
959 4435 5721
960 401 1834
961 4114 5970
962 5620 5982
963 3633 3789
964 5087 4295
965 4877 4306
966 1561 5884
967 4233 1348
968 5198 4659
969 5921 5634
970 2110 5936
971 5711 5951
972 5838 3061
973 2644 4175
974 5997 5501
975 5246 2719
976 4508 3490
977 5337 4291
978 4544 4971
979 4687 1533
980 5859 5797
981 5999 3871
982 5659 5755
983 1139 4508
984 3875 180
985 5810 4993
986 5813 414
987 5407 5983
988 36 5849
989 1682 4929
990 2154 5695
991 4911 4327
992 3569 5463
993 5162 3910
994 4588 3903
995 4291 5881
996 3136 5339
997 1407 991
998 1838 289
999 506 5658
1000 5944 5454
1001 2868 1993
1002 5810 751
1003 5827 1899
1004 2961 2355
1005 5994 2691
1006 4898 5936
1007 5884 515
1008 704 2427
1009 5243 4944
1010 5262 4554
1011 5486 2433
1012 5770 5474
1013 3269 5901
1014 4651 2719
1015 858 778
1016 5360 3545
1017 5904 831
1018 5851 5218
1019 5337 5031
1020 5931 3861
1021 5460 1598
1022 5999 5438
1023 5863 4416
1024 928 823
1025 4522 3796
1026 4545 3440
1027 2926 5050
1028 5978 5264
1029 5996 5728
1030 3921 70
1031 4999 5997
1032 3610 2528
1033 4933 4910
1034 3197 2334
1035 1089 4912
1036 1895 5892
1037 1697 2584
1038 2579 4336
1039 1453 4002
1040 5296 5985
1041 4709 5326
1042 5293 3585
1043 4483 2718
1044 884 978
1045 2241 2875
1046 5820 137
1047 5767 3537
1048 5086 2437
1049 3244 806
1050 5952 934
1051 5963 1952
1052 2133 4840
1053 1381 5977
1054 1581 729
1055 1303 5846
1056 5969 2382
1057 70 5291
1058 5904 3745
1059 458 5501
1060 3882 1736
1061 4991 4373
1062 1392 5982
1063 230 5517
1064 3867 5619
1065 4412 3549
1066 777 4474
1067 5899 4120
1068 5737 1854
1069 1762 5677
1070 882 88
1071 3266 5977
1072 5964 3997
1073 5268 357
1074 277 388
1075 5927 869
1076 4328 5055
1077 5236 5893
1078 3509 623
1079 3371 5561
1080 1551 5558
1081 1662 5607
1082 4878 1300
1083 3630 3884
1084 5833 4363
1085 4297 1438
1086 5835 5918
1087 5520 4809
1088 5861 3551
1089 4213 5986
1090 1499 3412
1091 3066 5993
1092 5801 5262
1093 5871 3044
1094 5755 4375
1095 5892 5973
1096 1885 5872
1097 30 3656
1098 4194 1349
1099 1227 5935
1100 2587 5836
1101 4325 4261
1102 1345 2144
1103 555 5873
1104 1540 4868
1105 5546 4807
1106 2134 5942
1107 4269 2766
1108 5217 4073
1109 5974 2284
1110 5090 4807
1111 4439 5921
1112 5870 2814
1113 3050 2304
1114 5520 2641
1115 5857 5538
1116 598 2624
1117 5656 4158
1118 5288 1544
1119 5944 3905
1120 3498 3884
1121 3372 4288
1122 5617 4820
1123 5873 3612
1124 2771 4986
1125 2646 5524
1126 5859 5025
1127 5004 5975
1128 5030 4813
1129 4717 4219
1130 5540 1893
1131 2356 5687
1132 5736 4503
1133 3285 5156
1134 5457 3140
1135 2917 512
1136 5599 868
1137 5773 2235
1138 5934 4679
1139 5999 5596
1140 5990 3800
1141 5369 4519
1142 5881 5995
1143 5692 3989
1144 4821 5990
1145 5913 3130
1146 5935 5823
1147 1856 5766
1148 1301 1984
1149 4467 4254
1150 4994 611
1151 4930 1405
1152 5821 284
1153 2040 4993
1154 5913 1500
1155 5224 3231
1156 2993 4148
1157 3671 5693
1158 3183 4966
1159 1489 5982
1160 3821 4365
1161 5836 5486
1162 1126 5862
1163 3182 5996
1164 2108 5454
1165 1739 5770
1166 5580 333
1167 4174 5927
1168 3922 5695
1169 3636 2430
1170 712 2384
1171 5247 2621
1172 2646 5567
1173 5372 5786
1174 3533 5735
1175 5967 197
1176 3704 5653
1177 5956 5918
1178 5156 3879
1179 3908 3329
1180 5823 5922
1181 4714 4937
1182 5973 5794
1183 5880 1246
1184 2505 5828
1185 3417 5247
1186 3617 5997
1187 5922 5879
1188 776 5995
1189 4812 4042
1190 5868 3410
1191 5738 5419
1192 2686 1197
1193 5936 1591
1194 4812 5436
1195 4620 4297
1196 1084 2547
1197 5949 5693
1198 512 2820
1199 5889 5246
1200 3628 4396
1201 5505 5999
1202 5643 2499
1203 5521 5345
1204 5882 5921
1205 463 3062
1206 5143 985
1207 2337 1542
1208 4940 5983
1209 1612 5102
1210 1749 4408
1211 4222 5028
1212 3457 4503
1213 4452 5076
1214 5659 4840
1215 1784 1037
1216 5881 2902
1217 1229 1300
1218 5999 4993
1219 3409 5767
1220 4581 5393
1221 2956 5406
1222 976 3264
1223 1811 5184
1224 5973 1961
1225 5347 5082
1226 134 5721
1227 2187 5621
1228 5245 1276
1229 2910 5999
1230 933 5407
1231 5383 5225
1232 5262 4880
1233 5696 2404
1234 5564 3594
1235 1088 5913
1236 178 5671
1237 5969 5496
1238 5860 4027
1239 2954 4111
1240 1237 2866
1241 4216 1895
1242 2234 4192
1243 4932 4478
1244 4937 5316
1245 5579 4582
1246 1455 4512
1247 4914 3549
1248 4111 2828
1249 5992 5987
1250 4707 2902
1251 5995 3590
1252 86 5598
1253 5879 4486
1254 3291 1175
1255 5881 5021
1256 5814 5955
1257 5652 5073
1258 412 3910
1259 5999 3007
1260 45 5834
1261 5995 3152
1262 244 3012
1263 2333 2576
1264 5486 2342
1265 2859 2195
1266 3283 2587
1267 3660 5997
1268 5711 4416
1269 5103 392
1270 4553 3134
1271 3750 5964
1272 5796 553
1273 5992 1697
1274 5588 4646
1275 1355 618
1276 1595 2305
1277 5812 2294
1278 3447 1644
1279 2581 4440
1280 5957 4257
1281 5945 5452
1282 3835 5132
1283 3130 832
1284 1185 2622
1285 1453 1338
1286 5295 5635
1287 3504 1538
1288 2585 2039
1289 2993 1552
1290 5755 3012
1291 5807 5936
1292 5989 5999
1293 4851 5365
1294 2719 924
1295 5600 3106
1296 178 5979
1297 5989 2923
1298 5873 1503
1299 3636 2543
1300 3452 5962
1301 5026 201
1302 3289 1240
1303 1147 5737
1304 3241 281
1305 4582 5973
1306 4339 3102
1307 2056 1738
1308 1951 4396
1309 5191 5500
1310 2061 1891
1311 5737 2247
1312 3860 3198
1313 1753 3821
1314 5601 2102
1315 5692 443
1316 4875 3050
1317 566 5194
1318 760 701
1319 3277 1792
1320 2777 2739
1321 4720 5085
1322 3450 5812
1323 4376 3995
1324 1230 1638
1325 5986 4329
1326 3047 4149
1327 2457 4717
1328 4219 3315
1329 5267 5827
1330 4974 4022
1331 3946 5926
1332 1283 2829
1333 4934 3545
1334 5737 5795
1335 1698 3490
1336 4374 4712
1337 5164 5476
1338 149 3921
1339 4609 1124
1340 3418 5383
1341 5057 4381
1342 2765 3418
1343 4723 1222
1344 863 3660
1345 5387 4836
1346 5437 4337
1347 768 4809
1348 3619 5890
1349 1338 5910
1350 2482 5707
1351 1120 5770
1352 5263 2927
1353 5956 4188
1354 4002 2111
1355 5271 714
1356 3538 5943
1357 601 5604
1358 5982 2497
1359 5712 2734
1360 132 5721
1361 2552 5498
1362 2256 5989
1363 5900 4376
1364 5669 4847
1365 5736 566
1366 1247 804
1367 5811 3948
1368 3006 610
1369 1551 5437
1370 2725 4819
1371 3365 3842
1372 5868 5999
1373 5188 2673
1374 5997 3490
1375 5977 1285
1376 4778 2923
1377 3361 4590
1378 181 5567
1379 460 3911
1380 5742 5895
1381 5998 5670
1382 3949 4613
1383 4773 1764
1384 2387 1896
1385 5973 5780
1386 3284 5834
1387 5269 5194
1388 2959 521
1389 698 5141
1390 4852 3189
1391 5598 5938
1392 4305 3997
1393 2402 5075
1394 1196 5962
1395 4468 2059
1396 4438 4899
1397 2036 5132
1398 3051 5979
1399 2910 5526
1400 5840 405
1401 3315 5711
1402 5318 5022
1403 5653 5516
1404 3962 3909
1405 439 3418
1406 5456 4263
1407 5755 4786
1408 2811 5198
1409 4222 5616
1410 4693 5944
1411 5501 5807
1412 2596 721
1413 5968 5558
1414 975 5516
1415 5891 4659
1416 5794 5703
1417 3949 5999
1418 4176 4837
1419 5624 3270
1420 1893 5211
1421 4191 3419
1422 5655 1789
1423 3760 512
1424 3266 4432
1425 5921 3719
1426 3445 3312
1427 4758 4898
1428 3837 5996
1429 5542 5926
1430 3986 2880
1431 5166 1739
1432 4038 1384
1433 5311 3267
1434 564 3544
1435 5248 5901
1436 4415 5999
1437 4446 5838
1438 1444 1697
1439 814 1137
1440 5910 5993
1441 5899 859
1442 4025 2909
1443 3739 4077
1444 4932 3278
1445 4842 5910
1446 3622 5543
1447 5937 5848
1448 597 5942
1449 1791 5642
1450 4068 5989
1451 5706 5726
1452 5326 5758
1453 3464 4576
1454 1941 3492
1455 5028 5075
1456 5983 3180
1457 4812 5024
1458 5995 5990
1459 1548 3526
1460 4740 4329
1461 5973 5989
1462 3155 5706
1463 5563 5868
1464 1852 5452
1465 4107 4153
1466 5913 2400
1467 2826 661
1468 5656 5951
1469 4069 5750
1470 1965 5600
1471 910 5810
1472 5237 5080
1473 5442 888
1474 3912 2393
1475 5706 3269
1476 5484 5986
1477 2092 4820
1478 3718 616
1479 3948 5995
1480 4023 1997
1481 4364 3397
1482 342 3922
1483 2305 5794
1484 408 5561
1485 3372 5908
1486 441 4540
1487 5368 5900
1488 5983 3457
1489 5677 3463
1490 2667 4003
1491 3150 359
1492 280 4878
1493 1742 1042
1494 5978 2444
1495 457 5220
1496 668 5973
1497 120 3312
1498 5951 3876
1499 1862 5881
1500 5975 119
1501 5879 3097
1502 1137 5605
1503 383 5219
1504 668 3006
1505 5997 2052
1506 5540 5967
1507 2830 2334
1508 2912 1297
1509 931 4434
1510 5983 4740
1511 3736 5927
1512 2863 5563
1513 5688 1809
1514 4753 5973
1515 2594 5167
1516 498 1234
1517 5739 4440
1518 3192 2821
1519 5869 4434
1520 5938 5454
1521 1353 2296
1522 650 5998
1523 4395 5920
1524 1187 2428
1525 5852 810
1526 5770 3612
1527 1084 5959
1528 3450 5918
1529 5944 5969
1530 1275 3826
1531 2095 4785
1532 5162 3460
1533 5920 4192
1534 5130 5679
1535 3225 5618
1536 3200 5172
1537 5769 599
1538 5046 5979
1539 2957 822
1540 4442 3092
1541 1354 4935
1542 1399 624
1543 3332 2821
1544 4847 5987
1545 44 5983
1546 463 975
1547 4646 3045
1548 1239 5757
1549 2536 864
1550 4254 4935
1551 1735 5952
1552 2254 5785
1553 3064 4265
1554 3454 5018
1555 1350 2308
1556 2054 5669
1557 4105 464
1558 4475 876
1559 2826 3415
1560 4293 3827
1561 4971 456
1562 2694 4621
1563 2246 3290
1564 1754 5770
1565 5870 4851
1566 384 4851
1567 2453 3762
1568 4621 647
1569 4971 3705
1570 4852 395
1571 4785 964
1572 3443 1990
1573 4593 2345
1574 2232 3488
1575 1435 5322
1576 5085 2672
1577 3461 5461
1578 5543 2097
1579 2108 5564
1580 4904 2633
1581 5599 5796
1582 5082 5994
1583 5689 1197
1584 4900 135
1585 4877 624
1586 3654 2048
1587 4470 1403
1588 5920 3323
1589 5765 2064
1590 2055 5741
1591 3063 5938
1592 1130 2858
1593 1757 2056
1594 2818 5287
1595 3953 5883
1596 70 2668
1597 3901 5365
1598 1891 441
1599 35 4506
1600 2808 2717
1601 2551 1355
1602 2089 2775
1603 5671 5961
1604 3876 5977
1605 5921 4473
1606 3952 461
1607 4063 5912
1608 5360 5214
1609 1137 1431
1610 2253 3916
1611 303 2900
1612 4432 3869
1613 5267 4264
1614 2856 5366
1615 5801 2053
1616 5981 1503
1617 711 5852
1618 4999 3463
1619 4812 5781
1620 5634 3875
1621 4414 1182
1622 5320 5346
1623 4842 5917
1624 3818 2210
1625 2726 5997
1626 4097 5168
1627 5719 3323
1628 5937 1137
1629 5757 2192
1630 4593 5903
1631 1606 356
1632 5586 3151
1633 3948 384
1634 5774 1898
1635 886 5368
1636 3575 3055
1637 515 1839
1638 5704 3266
1639 5719 5800
1640 3309 5406
1641 1325 3233
1642 4108 4944
1643 68 2404
1644 2786 881
1645 5518 5622
1646 2188 2947
1647 5951 1042
1648 4058 4871
1649 1604 808
1650 254 5210
1651 5669 2345
1652 3320 5138
1653 5657 5902
1654 3352 761
1655 5103 390
1656 4583 3191
1657 4117 5984
1658 4191 443
1659 4810 517
1660 3618 4263
1661 5606 5274
1662 817 1987
1663 2733 5484
1664 4902 291
1665 2355 1026
1666 5779 5452
1667 254 3663
1668 5692 5983
1669 1801 5989
1670 5999 5995
1671 5998 5348
1672 3461 3457
1673 3279 4252
1674 5625 4551
1675 5873 3529
1676 3193 4606
1677 5409 1442
1678 5546 5052
1679 2629 461
1680 1507 2337
1681 4580 5408
1682 2543 4844
1683 397 5190
1684 5196 5800
1685 3869 728
1686 2385 5936
1687 5053 2159
1688 3004 2715
1689 4197 5996
1690 4749 5218
1691 4691 4550
1692 3951 5922
1693 1761 3195
1694 3448 4653
1695 3152 5833
1696 4475 3798
1697 2923 706
1698 5027 3585
1699 5944 4576
1700 3910 3093
1701 4441 1691
1702 4148 2927
1703 509 5951
1704 400 4289
1705 5453 1636
1706 3308 963
1707 5807 5951
1708 4003 69
1709 5140 240
1710 715 5687
1711 3657 3738
1712 4986 4933
1713 4233 5032
1714 4261 5395
1715 4030 178
1716 1185 3748
1717 551 3634
1718 5836 5651
1719 2390 5882
1720 5796 5477
1721 5740 5949
1722 1185 5709
1723 4403 4449
1724 5711 5568
1725 5678 2057
1726 5741 2432
1727 4152 4072
1728 5891 3154
1729 2549 4809
1730 5640 5931
1731 2910 2737
1732 2628 2439
1733 3946 3750
1734 4439 3231
1735 5222 4521
1736 5742 5639
1737 4911 4374
1738 1242 2113
1739 5912 5267
1740 4511 5101
1741 5999 5992
1742 3835 4411
1743 5823 5967
1744 5900 2574
1745 413 1120
1746 719 5676
1747 5085 5026
1748 1585 937
1749 4101 877
1750 1954 3588
1751 121 358
1752 2151 5243
1753 5870 5545
1754 2624 5767
1755 1954 5196
1756 5525 5565
1757 36 278
1758 3289 4688
1759 4898 5780
1760 3491 3862
1761 620 1956
1762 1395 2669
1763 4254 5835
1764 4871 5482
1765 2818 5938
1766 5436 5210
1767 1175 4914
1768 5963 5935
1769 5869 2907
1770 3989 2786
1771 662 4803
1772 2780 5780
1773 5975 5858
1774 2490 5410
1775 3001 5224
1776 5687 5725
1777 5324 4678
1778 5004 5599
1779 2452 5999
1780 5974 5882
1781 300 5997
1782 1398 4872
1783 1952 5737
1784 910 3540
1785 1843 5288
1786 5725 3585
1787 3153 4401
1788 407 5157
1789 3133 5929
1790 826 984
1791 4305 2876
1792 3715 560
1793 875 4557
1794 1859 3412
1795 5496 5883
1796 5935 4519
1797 5987 4928
1798 4641 4155
1799 4624 5363
1800 5528 188
1801 4272 3288
1802 4447 4660
1803 3708 4897
1804 503 3003
1805 184 4031
1806 1541 5987
1807 5910 5696
1808 2063 4605
1809 5212 5599
1810 5546 407
1811 2288 1031
1812 1072 5536
1813 5967 3543
1814 5689 4966
1815 5497 594
1816 5293 5507
1817 3228 2447
1818 4211 993
1819 5719 4270
1820 5980 2877
1821 2095 5771
1822 5969 2579
1823 5881 2352
1824 5343 2581
1825 4522 1400
1826 187 4219
1827 5661 5935
1828 2788 5293
1829 5527 4372
1830 5929 4401
1831 1273 4557
1832 1479 5970
1833 4718 5144
1834 4296 3460
1835 1133 70
1836 1226 5485
1837 5895 1378
1838 4341 1138
1839 5579 3863
1840 1538 2730
1841 5783 5982
1842 2112 2013
1843 4439 5978
1844 279 2776
1845 5963 3657
1846 925 5892
1847 5371 5992
1848 2599 70
1849 4076 2401
1850 5834 835
1851 5991 1406
1852 5619 86
1853 5811 3669
1854 5827 1686
1855 3829 2687
1856 4575 44
1857 3619 5517
1858 703 4340
1859 3617 4655
1860 1252 5942
1861 498 5461
1862 2137 5970
1863 4688 5845
1864 2718 1250
1865 5821 5882
1866 5637 5825
1867 1947 5740
1868 3418 3409
1869 3423 5736
1870 660 3536
1871 5620 5549
1872 4219 2644
1873 5671 4641
1874 2592 3273
1875 2358 3091
1876 5567 193
1877 2957 334
1878 5942 5582
1879 4412 5369
1880 1697 1834
1881 2240 5938
1882 5687 4914
1883 3621 1591
1884 5388 1481
1885 2491 4961
1886 5824 2956
1887 2382 5196
1888 2908 2098
1889 1345 2966
1890 3535 5616
1891 3442 2732
1892 5270 5497
1893 5049 4375
1894 5106 5942
1895 5672 3220
1896 5744 2495
1897 5503 279
1898 4441 5391
1899 711 385
1900 5969 2766
1901 5910 5974
1902 2354 5016
1903 5849 5998
1904 3990 5414
1905 4588 5695
1906 5317 4537
1907 2156 4546
1908 2443 3449
1909 5374 869
1910 4252 1231
1911 5973 543
1912 4115 594
1913 388 126
1914 5871 5902
1915 1555 1854
1916 2641 5542
1917 5494 2237
1918 5211 3799
1919 5918 489
1920 5998 4838
1921 4377 2253
1922 624 2482
1923 3363 5779
1924 388 2235
1925 5432 5958
1926 1749 700
1927 5274 1963
1928 4262 5957
1929 5926 1289
1930 3000 2089
1931 656 5912
1932 969 2054
1933 4615 4547
1934 4081 4933
1935 5824 3199
1936 255 3372
1937 665 2866
1938 408 1504
1939 3202 3675
1940 1952 5959
1941 4259 5999
1942 1960 5704
1943 5999 68
1944 5165 5430
1945 963 4300
1946 2994 5408
1947 5617 5339
1948 2537 2822
1949 5999 1391
1950 4808 93
1951 2829 5956
1952 5184 4154
1953 4901 4361
1954 2299 438
1955 2949 514
1956 383 876
1957 5934 1484
1958 1688 2871
1959 4989 5412
1960 4964 4941
1961 5588 2718
1962 1909 4749
1963 3786 5949
1964 5320 5781
1965 5027 4975
1966 4883 2435
1967 4227 5275
1968 5881 5343
1969 2440 5406
1970 826 4179
1971 4363 4877
1972 1069 4520
1973 4715 5983
1974 707 5432
1975 5374 4683
1976 5696 2964
1977 5112 5899
1978 5893 2455
1979 5999 3911
1980 3319 5771
1981 5728 4226
1982 4987 1453
1983 5975 4803
1984 299 5845
1985 4478 5884
1986 4753 4814
1987 3669 3876
1988 2047 2741
1989 2674 3910
1990 4588 3230
1991 5756 812
1992 1603 3957
1993 5105 4294
1994 5901 1935
1995 2820 140
1996 5978 5723
1997 3909 3861
1998 5992 4224
1999 5430 5880
2000 1788 1531
2001 1940 988
2002 5459 1344
2003 3194 4648
2004 1852 5970
2005 5325 344
2006 5959 706
2007 80 3917
2008 5115 5500
2009 1787 811
2010 1083 513
2011 5964 387
2012 5922 4112
2013 229 5418
2014 5169 5921
2015 1654 2236
2016 5935 3995
2017 4838 1601
2018 4933 3489
2019 914 5024
2020 1886 3677
2021 868 879
2022 5172 2262
2023 5691 5847
2024 4882 5318
2025 2497 1688
2026 2994 4619
2027 882 1065
2028 3760 5937
2029 5814 1234
2030 5809 3274
2031 5801 4822
2032 5882 5927
2033 5163 1589
2034 1786 2771
2035 670 2236
2036 5636 825
2037 5998 5820
2038 2197 5286
2039 4432 387
2040 5499 5292
2041 3756 1849
2042 3055 45
2043 5950 4505
2044 702 3149
2045 2621 4041
2046 5655 5451
2047 5982 931
2048 351 5707
2049 5920 3104
2050 5993 5982
2051 1703 5974
2052 5882 3053
2053 5549 3151
2054 5957 5881
2055 5984 4484
2056 1247 5902
2057 2044 5920
2058 5995 1712
2059 4174 665
2060 2138 2876
2061 185 5979
2062 5527 4973
2063 910 5186
2064 5807 5432
2065 137 1123
2066 4040 1597
2067 4911 5050
2068 5539 1635
2069 5599 1535
2070 5984 5909
2071 4477 3099
2072 5339 5476
2073 127 3538
2074 5661 3653
2075 2442 5979
2076 5927 4079
2077 451 558
2078 4998 5432
2079 145 1035
2080 5485 5633
2081 491 1168
2082 3420 4292
2083 915 3990
2084 1089 4116
2085 1096 3401
2086 1033 1655
2087 5964 4941
2088 1170 1280
2089 5810 2786
2090 4114 5703
2091 2670 1456
2092 4591 5115
2093 2387 5603
2094 5990 5454
2095 3665 5922
2096 3569 4624
2097 2034 1844
2098 1684 4684
2099 2911 4718
2100 3656 5525
2101 337 5558
2102 5825 5582
2103 5315 4323
2104 5970 3314
2105 2856 1095
2106 3271 5413
2107 5344 3656
2108 3569 2777
2109 195 3539
2110 5440 5156
2111 5508 3184
2112 602 4120
2113 5506 1085
2114 3917 3418
2115 5577 810
2116 2146 1334
2117 3634 5921
2118 5922 4852
2119 5999 5784
2120 4659 4151
2121 5693 2620
2122 4838 5623
2123 4545 5861
2124 3955 5338
2125 3355 5132
2126 602 5751
2127 4871 3135
2128 5873 5783
2129 4986 3279
2130 4154 5952
2131 5166 282
2132 2049 500
2133 301 5755
2134 758 5964
2135 4395 1381
2136 4648 866
2137 5837 3409
2138 4182 5987
2139 2869 5677
2140 3179 302
2141 5688 1581
2142 2813 5465
2143 3142 5992
2144 5958 5109
2145 4776 2915
2146 5927 1658
2147 4907 3010
2148 5786 5641
2149 2880 1094
2150 5566 4444
2151 5995 1429
2152 199 3987
2153 4685 4035
2154 5839 2825
2155 4997 3593
2156 3157 4935
2157 5836 5674
2158 5372 3818
2159 2923 2339
2160 508 5780
2161 4805 5473
2162 2014 4608
2163 5087 3053
2164 194 2456
2165 811 3718
2166 459 1763
2167 3864 599
2168 1440 93
2169 4647 5337
2170 4959 1750
2171 4541 5942
2172 5810 1637
2173 393 5903
2174 5480 4660
2175 5688 5826
2176 1849 4581
2177 5978 5694
2178 4341 5990
2179 3627 3047
2180 3039 4196
2181 1961 1444
2182 2053 5814
2183 5991 5995
2184 5998 132
2185 4222 5857
2186 5984 3489
2187 5075 5921
2188 1938 4485
2189 1534 4080
2190 3243 5891
2191 5927 3622
2192 5615 5045
2193 5565 3138
2194 4183 5710
2195 5862 3548
2196 3992 5782
2197 4079 4960
2198 2788 2925
2199 5998 5998
2200 5416 5291
2201 5921 2256
2202 1785 4509
2203 5388 204
2204 3758 5999
2205 2431 4995
2206 1702 1406
2207 5735 5276
2208 330 5891
2209 2972 5751
2210 2344 3737
2211 2680 2598
2212 5909 3717
2213 4868 5766
2214 5814 5892
2215 1193 5999
2216 659 5768
2217 3264 5986
2218 4866 444
2219 5141 5973
2220 2404 3377
2221 2922 3413
2222 2588 496
2223 5839 512
2224 4686 3065
2225 4898 5214
2226 2252 5051
2227 2096 2012
2228 699 5902
2229 5922 1597
2230 3872 5639
2231 1293 5851
2232 2728 5943
2233 2778 5634
2234 2591 5495
2235 3175 5618
2236 4721 909
2237 3700 5502
2238 5901 4151
2239 5822 2486
2240 5389 2392
2241 5999 3060
2242 5868 2626
2243 5640 1813
2244 5969 1328
2245 5929 4819
2246 2546 5676
2247 5508 1380
2248 3011 5692
2249 3837 5475
2250 5957 1173
2251 4836 5656
2252 5772 3546
2253 4772 4482
2254 2299 1195
2255 1901 4746
2256 2540 5526
2257 5712 2924
2258 5992 5821
2259 5584 3922
2260 1640 4345
2261 5341 2435
2262 2718 4477
2263 3747 4839
2264 5386 5824
2265 1232 2183
2266 4184 3760
2267 4332 3138
2268 1073 3802
2269 2783 818
2270 4112 5908
2271 1937 3961
2272 5407 961
2273 5986 977
2274 3014 4135
2275 5711 3586
2276 1193 2911
2277 4903 2097
2278 5418 5695
2279 5950 2014
2280 756 1710
2281 5132 5537
2282 935 5340
2283 5561 5022
2284 3779 5920
2285 5903 5834
2286 5999 5851
2287 3500 1492
2288 5192 1454
2289 5812 3777
2290 5566 3542
2291 1499 491
2292 3493 4942
2293 5992 2865
2294 3750 4002
2295 3461 3279
2296 4035 5899
2297 625 2437
2298 4001 3826
2299 1146 5978
2300 3451 4028
2301 3198 2673
2302 4439 5692
2303 4484 660
2304 542 879
2305 3151 826
2306 2639 5975
2307 4549 1890
2308 2684 5719
2309 97 5992
2310 602 1304
2311 3864 1296
2312 5660 3272
2313 4975 5296
2314 1599 5644
2315 5734 4075
2316 1862 5021
2317 4118 5017
2318 1814 3405
2319 4778 4693
2320 5968 5936
2321 5858 5990
2322 2504 4339
2323 730 5498
2324 2831 5969
2325 4745 3531
2326 5633 5296
2327 3754 1277
2328 227 5026
2329 5975 4026
2330 5849 2544
2331 1230 5995
2332 5221 5171
2333 3758 3675
2334 2782 1895
2335 5269 5496
2336 5834 5970
2337 5826 142
2338 5724 703
2339 671 130
2340 3757 3626
2341 4517 5998
2342 5502 3758
2343 1899 3133
2344 191 1073
2345 5883 3582
2346 2913 5970
2347 4362 4266
2348 5712 3697
2349 5324 5298
2350 3917 2430
2351 3416 5564
2352 5823 151
2353 5952 3882
2354 5934 5909
2355 5048 5395
2356 5890 5969
2357 5949 5686
2358 5956 5752
2359 4179 5606
2360 1232 678
2361 3061 3047
2362 5847 5835
2363 4657 4725
2364 5980 4880
2365 2970 5050
2366 5938 5989
2367 4513 5893
2368 5808 5857
2369 2002 5503
2370 4470 812
2371 5623 4196
2372 3308 1195
2373 1555 280
2374 2900 2785
2375 5827 4541
2376 1380 5032
2377 5821 4292
2378 297 5811
2379 3132 1834
2380 2574 3994
2381 1942 3963
2382 2949 5386
2383 5277 5986
2384 3417 5387
2385 3048 3760
2386 4853 4508
2387 2359 5053
2388 3877 5993
2389 4441 601
2390 4036 5921
2391 5873 1889
2392 5963 401
2393 4001 3188
2394 5735 3800
2395 141 1119
2396 5654 4680
2397 5874 5942
2398 4988 4481
2399 463 4223
2400 2392 5949
2401 40 1304
2402 5390 1148
2403 5706 5724
2404 807 3287
2405 5894 1580
2406 5138 1043
2407 5995 4509
2408 5451 1733
2409 5419 73
2410 3266 247
2411 5758 2159
2412 3546 5436
2413 2296 5295
2414 2282 4297
2415 5411 3696
2416 2825 5522
2417 187 555
2418 4308 5365
2419 5990 5994
2420 3440 5919
2421 4657 2994
2422 5501 77
2423 821 5184
2424 4606 4783
2425 5994 5861
2426 3917 5637
2427 817 5320
2428 2206 5801
2429 2427 5676
2430 2491 4742
2431 69 4575
2432 4335 3400
2433 4234 5945
2434 1078 494
2435 3038 4653
2436 1235 1985
2437 3401 2162
2438 5926 3156
2439 5956 5596
2440 3239 3545
2441 3954 3269
2442 4305 4844
2443 5899 4258
2444 4583 1445
2445 2158 1190
2446 3840 5237
2447 3875 4972
2448 5997 494
2449 4173 1946
2450 5415 5431
2451 3200 5110
2452 1450 3008
2453 2771 2631
2454 4549 3039
2455 5079 5416
2456 4660 1588
2457 3526 4615
2458 5999 228
2459 2207 5197
2460 4747 4940
2461 3320 3178
2462 4650 2152
2463 5987 1690
2464 5075 5927
2465 3327 5972
2466 5820 5519
2467 1898 4933
2468 3459 4486
2469 2095 1633
2470 3945 5116
2471 2728 4555
2472 5992 5669
2473 5517 4153
2474 3750 1182
2475 2784 3012
2476 3136 2064
2477 3009 5922
2478 4270 5669
2479 5795 2667
2480 5979 1504
2481 439 5902
2482 5934 5994
2483 5410 5316
2484 5894 5544
2485 5824 624
2486 3697 5720
2487 3948 5983
2488 5654 2543
2489 4299 4840
2490 5942 5968
2491 4449 830
2492 1503 1383
2493 1330 2054
2494 1707 4327
2495 4914 2824
2496 3042 3133
2497 4682 4619
2498 3584 4370
2499 5679 298
2500 1747 964
2501 2191 4060
2502 815 5992
2503 5957 3533
2504 4718 1686
2505 5847 2526
2506 2835 2290
2507 5822 2970
2508 4990 4510
2509 1581 5827
2510 3743 974
2511 1547 5653
2512 309 3832
2513 2831 917
2514 5543 1838
2515 5637 1546
2516 4846 5711
2517 4291 5082
2518 4692 3627
2519 5442 4059
2520 4681 992
2521 990 2453
2522 915 5785
2523 1143 5654
2524 4821 4073
2525 2427 5978
2526 3993 3958
2527 5588 1184
2528 5221 3195
2529 2438 1192
2530 3157 710
2531 3902 4221
2532 2142 300
2533 5861 399
2534 3185 2622
2535 184 2831
2536 5945 5964
2537 3265 554
2538 2780 1785
2539 5938 886
2540 5950 1123
2541 1582 4291
2542 3667 1860
2543 4786 5364
2544 4753 5672
2545 3791 5881
2546 1800 5134
2547 972 5740
2548 4362 3101
2549 4435 775
2550 1348 2212
2551 2584 813
2552 4296 2037
2553 5247 967
2554 3719 1226
2555 495 4229
2556 1174 1550
2557 5974 988
2558 4365 3985
2559 2770 1379
2560 5087 286
2561 2763 5868
2562 2493 5314
2563 2537 659
2564 124 5825
2565 1149 1753
2566 5474 287
2567 3283 5481
2568 4673 4221
2569 2210 2630
2570 5296 2963
2571 4511 4755
2572 5597 5851
2573 395 716
2574 5759 5368
2575 1989 5917
2576 5296 3228
2577 445 5104
2578 5244 2877
2579 5195 1844
2580 2719 5187
2581 2403 2821
2582 4960 3616
2583 4868 3309
2584 678 5852
2585 4039 552
2586 5900 3050
2587 172 670
2588 5994 5884
2589 2866 2999
2590 557 4901
2591 4990 2970
2592 5370 3440
2593 5618 623
2594 5894 505
2595 5060 2819
2596 5637 4974
2597 4746 5136
2598 663 1133
2599 5635 5929
2600 4271 2477
2601 2151 5918
2602 5576 5872
2603 769 4415
2604 1069 5602
2605 5997 3613
2606 5059 5873
2607 5602 5542
2608 5661 251
2609 5162 5502
2610 4650 2969
2611 5870 5371
2612 5289 2492
2613 1785 5394
2614 5675 300
2615 5288 3353
2616 4692 5957
2617 4591 2731
2618 5961 1856
2619 2088 5935
2620 4620 4180
2621 5868 812
2622 758 2037
2623 396 5078
2624 5899 232
2625 4063 2392
2626 3700 5911
2627 5975 4024
2628 774 2187
2629 5301 5707
2630 5049 5658
2631 5241 2456
2632 3526 2769
2633 5566 2773
2634 1387 5957
2635 3311 1453
2636 243 285
2637 2348 5989
2638 3095 5251
2639 5845 5986
2640 510 1546
2641 3656 5436
2642 5618 5110
2643 5621 5370
2644 5582 2630
2645 4366 4724
2646 874 4968
2647 4540 4484
2648 5994 4476
2649 5909 5210
2650 5021 2825
2651 5111 5999
2652 1198 4778
2653 4267 5766
2654 5826 288
2655 1348 5768
2656 3220 1957
2657 5004 4681
2658 1907 5975
2659 5170 4082
2660 5223 870
2661 2816 2949
2662 751 1800
2663 5673 1280
2664 4592 5861
2665 2761 3795
2666 3957 5890
2667 3420 1551
2668 1490 4991
2669 5769 300
2670 5022 5245
2671 5859 5899
2672 2870 4111
2673 1991 3013
2674 3910 2144
2675 5287 83
2676 5964 2541
2677 4971 3180
2678 914 4026
2679 1508 1037
2680 4120 5807
2681 5559 618
2682 2439 5074
2683 2780 5986
2684 1192 5902
2685 5955 5523
2686 4756 2237
2687 5106 3278
2688 5846 3544
2689 5756 4848
2690 2784 3579
2691 5618 1171
2692 5480 3334
2693 2151 3129
2694 5244 5934
2695 2086 1093
2696 5107 2587
2697 5261 5998
2698 5973 5412
2699 1486 1702
2700 5978 545
2701 5527 5736
2702 4639 1442
2703 5945 5672
2704 5936 5913
2705 3697 5863
2706 3418 5811
2707 5102 5224
2708 5810 5986
2709 5290 4212
2710 1792 5720
2711 1096 3759
2712 5442 5724
2713 2096 2355
2714 5585 5320
2715 493 5452
2716 3746 5002
2717 1813 5750
2718 409 2140
2719 3175 5045
2720 2457 3044
2721 2591 2575
2722 2970 3549
2723 5312 5884
2724 4409 5823
2725 2672 1985
2726 5301 5811
2727 5137 5241
2728 280 658
2729 5930 5564
2730 1864 3322
2731 4376 3988
2732 5998 622
2733 5320 150
2734 4120 409
2735 1597 4221
2736 4221 1756
2737 4714 5637
2738 5558 5998
2739 5518 5568
2740 5523 1035
2741 4742 5890
2742 1737 2684
2743 5965 5999
2744 5604 5794
2745 5407 5982
2746 5360 5821
2747 5859 5827
2748 2386 4715
2749 2394 2999
2750 3923 3588
2751 1682 4342
2752 3466 5463
2753 675 5920
2754 5751 466
2755 2785 4473
2756 5847 5977
2757 5996 5999
2758 3614 2974
2759 5902 861
2760 3365 4215
2761 1804 5861
2762 2190 3980
2763 5750 5634
2764 5506 4190
2765 5710 2300
2766 5902 5323
2767 3802 5880
2768 3859 2913
2769 5955 5837
2770 5563 5437
2771 5920 5814
2772 69 3792
2773 5833 4614
2774 1293 5501
2775 657 671
2776 4585 2304
2777 2579 5744
2778 4517 5480
2779 504 5768
2780 5622 1031
2781 5895 5114
2782 5562 2816
2783 1787 5912
2784 5587 4781
2785 4360 5567
2786 441 3149
2787 4136 4745
2788 4507 5134
2789 5987 5110
2790 1910 3271
2791 4260 5771
2792 2787 3659
2793 2390 464
2794 5963 5301
2795 3782 5765
2796 5999 5936
2797 5959 3319
2798 5741 3095
2799 706 4436
2800 1285 5992
2801 5893 5643
2802 1396 4485
2803 5388 1379
2804 665 4175
2805 5993 3655
2806 1398 4908
2807 2008 1380
2808 3285 4750
2809 2730 5237
2810 2058 3983
2811 5213 5944
2812 4717 3487
2813 2107 1601
2814 1065 251
2815 1849 2630
2816 5902 5824
2817 5970 90
2818 1806 5930
2819 5998 5851
2820 5688 5708
2821 5973 5973
2822 2824 5658
2823 4935 5949
2824 4817 228
2825 5171 5045
2826 5653 3446
2827 4039 5994
2828 2249 4929
2829 5340 653
2830 5517 5562
2831 5930 2784
2832 307 1555
2833 3994 3986
2834 4617 3701
2835 4263 5998
2836 1450 5937
2837 2535 5861
2838 1710 2764
2839 3335 3242
2840 5827 5807
2841 4851 3613
2842 5725 5998
2843 4157 1037
2844 1560 4117
2845 4848 5388
2846 2809 5317
2847 5656 4738
2848 4871 1336
2849 1378 1128
2850 3962 4991
2851 1242 4867
2852 1074 3574
2853 4402 5024
2854 4511 4900
2855 2771 2244
2856 5934 862
2857 5415 4059
2858 5920 5899
2859 2430 5505
2860 5768 5942
2861 4884 5528
2862 2161 551
2863 5993 3098
2864 2006 4974
2865 1837 3869
2866 5919 5995
2867 5919 4616
2868 5694 4400
2869 4899 4338
2870 5505 5300
2871 5420 607
2872 5693 3175
2873 5969 5544
2874 5028 1938
2875 2523 5796
2876 4548 5977
2877 2669 5216
2878 5558 616
2879 4141 3197
2880 5982 5999
2881 754 1178
2882 610 5438
2883 3191 1892
2884 5077 4219
2885 1276 881
2886 5368 4709
2887 438 5847
2888 2088 1631
2889 5955 2620
2890 5894 1957
2891 4935 4900
2892 5893 3153
2893 2586 1747
2894 1194 492
2895 2452 1610
2896 5004 5987
2897 3319 4177
2898 3582 5578
2899 1479 4345
2900 2833 1700
2901 555 5464
2902 3944 5502
2903 5596 5369
2904 5999 5945
2905 1497 705
2906 2646 5369
2907 3403 3193
2908 5903 5540
2909 2102 717
2910 4287 3869
2911 335 3577
2912 3189 4324
2913 5782 1585
2914 3880 4870
2915 3572 1635
2916 2485 5952
2917 1348 3227
2918 3787 2089
2919 5720 5989
2920 5880 5951
2921 2210 5474
2922 723 3016
2923 5240 2162
2924 4674 2590
2925 5881 3983
2926 3064 3194
2927 4377 2529
2928 5773 821
2929 555 2903
2930 2011 1029
2931 2739 5674
2932 5465 4306
2933 5437 5909
2934 1645 5270
2935 5882 3180
2936 2149 4293
2937 5770 1392
2938 5601 5909
2939 1285 1040
2940 3696 4136
2941 5506 2162
2942 5892 5769
2943 5584 4080
2944 5975 4584
2945 4811 1438
2946 2599 1959
2947 182 5827
2948 5904 5904
2949 4611 3629
2950 4195 5986
2951 2781 3290
2952 122 3677
2953 1382 5541
2954 36 4416
2955 2693 2012
2956 1995 3543
2957 4967 3224
2958 5598 2163
2959 4072 4368
2960 1294 4678
2961 2620 5108
2962 5992 5999
2963 5653 5987
2964 2253 298
2965 5688 5557
2966 5184 2831
2967 2392 5022
2968 819 3315
2969 3094 1843
2970 3747 4115
2971 3755 1746
2972 5904 2639
2973 5429 5417
2974 2442 5017
2975 5634 5956
2976 647 5741
2977 568 5810
2978 4962 5995
2979 879 5598
2980 5938 2956
2981 5955 5972
2982 4136 3538
2983 5736 5742
2984 5370 1194
2985 5365 4185
2986 3839 1599
2987 5366 5292
2988 3980 5768
2989 5605 5999
2990 5838 4588
2991 1079 2871
2992 2283 1993
2993 4616 2671
2994 288 5568
2995 5977 2922
2996 5943 3576
2997 4822 5851
2998 858 2833
2999 5656 5999
3000 5995 2486
