340
224 1.47 0.91
308 6.01 2.14
300 9.65 0.47
119 3.32 0.99
10 8.49 0.84
160 7.21 2.16
230 4.81 1.03
178 3.05 1.1
168 5.61 0.42
283 9.06 1.23
189 0.72 2.78
320 1.11 1.63
54 3.98 0.14
256 5.15 3.24
275 2.29 1.55
293 6.35 2.34
333 2.1 1.62
292 2.56 1.05
181 5.86 2.22
79 7.25 2.96
56 6.28 1.79
131 8.75 0.96
82 5.35 0.44
335 3.18 2.36
86 8.94 0.62
265 9.6 3.36
174 3.44 3.02
46 2.16 2.07
253 1.05 3.12
81 8.05 1.48
85 7.7 2.98
215 3.29 1.08
297 6.07 2.17
163 5.99 2.38
182 0.44 2.8
278 5.16 0.76
68 7.07 2.04
23 4.84 1.6
221 6.85 0.97
132 2.81 0.57
219 6.27 0.77
304 8.92 2.79
44 3.17 0.95
200 4.54 1.31
107 5.92 2.86
208 4.74 3.17
285 5.44 1.42
61 7.97 1.9
108 7.82 3.21
66 5.18 0.27
31 4.47 1.84
14 5.94 2.89
83 3.03 0.89
281 2.88 0.06
203 7.44 0.38
172 8.32 0.28
153 1.23 3.16
290 5.96 1.47
12 0.5 3.29
184 9.71 1.06
238 6.84 3.25
90 3.45 1.59
3 3.01 2.76
339 8.99 0.34
50 3.2 2.65
28 2.01 2.85
237 4.08 2.9
84 6.23 2.45
199 6.37 2.77
222 0.35 1.78
227 7.67 3.35
192 6.9 0.7
30 7.72 2.41
109 7.15 3.15
273 6.21 0.05
213 5.76 1.66
306 2.79 3.3
179 3.46 3.04
63 4.48 0.53
187 2.07 0.72
228 4.01 1.15
291 8.52 0.75
2 0.38 0.3
173 1.69 2.66
80 4.82 2.3
216 0.63 1.27
7 7.66 3.33
231 4.92 2.68
254 1.82 3.0
205 1.71 3.27
240 4.19 2.25
264 8.47 3.13
74 0.61 2.33
312 4.65 2.48
229 7.26 1.75
140 2.33 0.07
311 6.36 2.21
245 3.49 3.14
65 5.83 1.07
164 0.68 1.74
37 8.54 2.09
71 8.84 2.69
211 5.68 0.5
17 7.19 1.29
303 8.28 2.61
176 3.6 1.32
20 6.91 0.19
11 7.05 3.18
154 6.04 0.2
166 9.77 3.23
55 4.46 3.22
29 9.67 0.63
99 4.73 0.24
87 0.12 0.15
316 5.24 2.47
323 6.8 2.2
104 1.44 0.65
67 3.08 0.74
43 7.33 0.56
93 5.08 1.53
4 4.35 2.71
118 2.21 0.52
133 2.38 0.73
156 8.15 1.21
234 5.19 0.09
103 4.69 3.01
148 3.91 3.03
161 2.46 0.13
123 2.51 0.59
51 1.64 1.2
149 0.98 1.69
307 4.07 2.01
310 6.6 0.98
318 3.53 0.78
336 8.24 0.02
319 1.28 0.17
72 8.17 1.3
45 3.92 1.58
64 6.17 3.37
111 4.6 2.62
296 0.74 3.08
244 3.28 0.35
135 9.42 2.1
324 1.08 1.26
269 5.81 1.4
73 7.01 1.46
75 2.11 1.39
62 7.74 2.63
91 2.23 1.25
145 4.37 2.4
5 7.57 0.88
89 4.23 2.31
327 1.81 0.81
183 0.59 1.52
152 5.65 2.03
249 2.9 0.61
270 5.37 1.38
18 3.35 0.03
39 9.73 2.35
289 9.33 1.68
112 1.9 1.28
325 0.22 1.93
247 7.3 1.77
69 5.13 2.58
272 9.24 1.51
142 0.16 1.99
159 1.62 2.06
121 1.89 0.18
34 6.99 2.15
236 2.69 2.46
157 0.79 2.53
70 0.73 2.92
130 4.79 1.22
266 0.54 1.91
110 5.97 2.37
100 3.96 1.82
22 5.91 0.26
233 5.57 2.56
263 8.71 2.81
277 4.05 0.41
175 6.82 0.43
8 5.52 1.88
165 0.01 2.52
328 8.51 0.54
276 9.5 1.87
41 0.92 0.08
36 8.38 3.32
267 1.78 0.16
331 3.4 2.5
151 0.1 2.32
241 6.0 1.92
19 5.02 3.1
295 2.5 1.73
169 1.63 1.65
282 0.15 2.93
171 6.29 1.81
139 0.93 0.12
122 9.78 2.99
305 4.32 1.7
280 7.43 1.54
340 0.9 1.44
127 9.58 2.49
195 3.15 0.71
177 7.2 1.72
42 7.61 2.44
15 1.43 0.46
141 3.82 1.14
185 4.99 2.13
196 1.3 1.96
201 7.65 0.92
262 8.14 2.26
258 8.79 1.56
9 3.99 1.8
78 6.16 3.39
206 5.51 3.38
129 6.53 1.02
298 5.32 1.64
138 7.42 2.43
223 0.28 3.34
76 8.16 2.82
193 9.11 1.19
117 6.83 2.0
120 8.53 0.37
268 6.92 2.94
170 8.88 2.28
225 4.94 2.27
60 6.24 2.57
235 2.27 2.75
314 0.32 2.74
242 4.56 0.69
322 6.51 0.87
207 4.22 0.29
337 0.88 1.43
329 3.86 2.91
134 7.84 0.86
136 3.64 0.8
190 4.33 1.33
126 8.56 3.05
35 3.36 1.12
260 8.82 2.08
194 6.78 3.4
317 3.41 0.04
13 0.26 1.86
167 5.38 2.83
287 2.3 1.24
214 3.48 2.18
49 2.53 1.37
313 2.7 2.23
26 1.21 1.97
96 0.97 0.23
52 6.57 1.98
321 0.95 2.59
102 5.34 2.19
334 3.34 2.84
53 3.31 2.42
220 9.07 0.33
88 4.67 2.51
25 2.86 1.35
239 4.12 3.06
32 4.03 1.57
1 6.12 1.83
259 1.98 0.45
209 7.83 0.83
326 1.19 2.64
40 9.44 0.49
114 1.54 1.94
255 4.45 1.0
150 5.22 1.95
302 1.57 1.18
106 9.15 3.07
33 5.6 2.39
16 7.78 2.95
250 8.98 0.58
315 0.3 0.22
97 3.37 1.49
105 4.44 0.51
125 2.03 1.09
98 1.26 2.55
143 3.02 0.55
301 7.14 1.71
147 3.89 1.13
92 7.99 2.72
115 3.59 0.1
261 0.4 1.04
243 6.22 1.67
155 2.48 0.6
197 7.5 0.67
38 6.75 0.85
212 7.17 0.31
294 9.54 2.7
232 9.32 0.39
309 2.04 1.34
284 2.34 1.45
204 3.55 0.11
202 2.71 3.31
271 0.03 2.88
299 2.8 2.11
128 4.15 1.41
95 7.59 1.5
251 1.93 0.21
146 1.97 1.11
58 6.05 3.26
124 8.43 0.93
101 6.89 2.73
59 6.96 1.01
210 3.83 2.12
94 3.68 0.82
137 5.49 2.02
48 7.28 0.94
198 5.04 1.17
6 3.94 2.6
113 7.16 3.2
77 8.25 2.05
24 3.69 0.66
57 7.85 2.97
248 4.53 2.29
158 4.59 0.32
286 1.72 2.24
274 5.54 2.54
226 5.41 1.61
338 2.02 0.68
191 9.74 0.79
21 8.95 1.76
332 3.75 3.19
288 2.77 0.64
47 6.48 0.9
246 0.87 3.09
186 1.73 1.89
180 1.7 0.4
188 4.61 0.36
279 7.89 2.87
330 5.03 0.25
162 7.03 0.01
217 0.33 1.16
144 1.83 2.67
252 1.29 1.85
27 0.47 3.28
116 1.04 3.11
218 4.86 1.36
257 0.84 0.48
