492
464 3.69 2.24
294 5.19 5.69
349 0.31 7.56
205 2.45 1.04
39 6.3 5.02
275 5.51 1.34
144 1.99 2.36
45 5.59 7.86
249 2.92 5.64
204 3.66 5.0
293 3.32 4.79
245 5.41 8.86
448 6.07 4.01
211 5.84 3.83
240 0.38 1.37
175 3.67 1.93
301 0.19 5.43
419 5.93 8.16
254 4.39 6.1
412 1.32 4.92
154 2.43 8.53
14 0.58 6.22
63 3.82 4.52
325 5.3 0.2
470 5.28 3.04
354 2.83 7.33
386 2.91 1.5
316 2.96 8.63
425 2.51 4.41
457 5.33 6.48
198 6.11 7.02
106 0.05 6.36
358 4.31 4.77
474 0.12 0.51
334 5.04 6.88
165 0.16 8.91
346 0.75 4.83
146 1.71 4.36
24 5.63 2.03
330 0.68 8.85
492 4.42 6.65
231 2.68 2.14
58 4.15 3.12
462 4.56 8.59
305 2.17 7.68
465 2.57 6.09
469 1.36 8.58
64 5.69 3.21
337 1.26 8.11
66 3.89 8.36
311 1.98 0.89
75 5.62 5.62
137 3.01 3.79
82 5.36 7.95
28 2.97 8.89
110 2.41 4.21
250 0.04 2.76
344 0.37 0.95
381 2.53 3.67
253 0.07 5.76
27 1.39 3.76
127 2.16 3.38
96 1.49 2.64
103 5.01 8.18
37 3.9 0.69
214 0.92 4.3
285 2.34 3.0
135 0.97 0.81
455 3.3 8.4
185 1.87 6.45
111 1.58 5.94
431 4.98 2.29
61 5.87 4.25
228 3.45 1.22
310 3.02 7.99
184 4.41 1.09
373 5.78 1.13
480 2.8 2.9
97 4.51 7.71
413 4.86 5.58
271 5.79 1.02
201 2.48 2.02
400 3.99 6.66
126 2.78 7.63
367 3.73 7.22
267 6.03 0.62
292 4.07 6.62
361 2.75 8.35
149 1.59 2.78
435 4.57 4.26
208 4.37 8.83
449 2.71 7.59
278 0.57 5.08
479 3.84 7.16
209 2.29 1.03
161 3.85 2.94
4 5.82 3.72
320 4.06 6.15
379 3.31 2.43
29 2.36 7.74
421 4.46 7.75
21 6.2 5.82
463 5.66 7.98
407 0.52 0.16
319 3.72 7.69
43 3.46 8.7
86 6.17 0.49
70 4.92 5.79
251 3.34 4.51
115 6.25 4.75
415 2.62 3.75
122 5.42 8.21
441 2.32 7.61
422 3.77 1.77
57 1.57 6.76
59 6.13 3.41
302 1.66 2.58
180 3.95 1.65
273 5.2 7.41
203 5.4 8.25
326 4.3 0.11
225 4.83 4.39
467 1.69 5.68
345 6.28 0.63
490 1.4 1.57
7 0.22 0.33
10 3.07 2.52
107 5.32 5.44
232 4.6 5.88
176 4.63 8.67
376 1.72 2.47
193 2.76 3.57
436 4.64 6.11
488 2.26 5.33
129 4.45 8.9
104 4.69 7.93
163 2.87 0.37
151 2.81 8.84
409 2.25 4.06
53 4.43 6.43
158 0.25 6.83
287 6.29 4.48
35 0.6 2.0
67 0.26 7.42
93 3.38 4.98
130 3.52 8.34
121 1.31 8.01
411 0.51 7.7
226 2.47 1.4
343 4.62 0.61
56 1.82 5.93
284 1.48 1.68
264 2.04 5.23
77 5.74 4.49
384 4.71 1.72
72 2.49 1.87
385 3.16 2.39
274 4.88 0.08
447 0.78 4.55
485 0.46 3.88
453 3.21 6.12
388 4.48 6.69
403 1.68 4.87
200 1.35 4.8
191 0.99 6.19
290 3.63 4.46
218 3.27 1.63
380 3.05 8.79
167 5.58 6.59
430 1.07 3.77
331 2.65 7.73
102 1.08 2.81
140 4.23 0.13
87 0.53 0.38
238 1.65 8.68
235 4.96 6.99
150 0.95 0.39
268 1.46 2.12
47 1.34 6.29
335 4.02 8.33
173 4.87 3.33
483 3.74 2.4
241 4.85 3.71
307 3.41 3.03
160 1.21 3.55
259 2.24 7.44
162 3.29 2.06
371 2.38 6.95
295 1.96 2.74
327 5.22 1.89
297 6.23 0.1
309 2.31 6.52
314 6.36 4.27
429 4.67 1.45
410 4.54 0.21
132 2.14 6.03
49 1.14 5.24
389 2.39 0.07
81 4.7 7.64
221 1.37 8.75
182 6.0 3.81
213 5.75 0.55
222 5.67 2.54
332 5.03 4.45
283 4.03 7.21
299 1.62 1.56
196 4.4 3.61
220 4.24 7.2
473 3.93 8.77
223 0.69 5.14
252 3.49 7.05
370 2.59 7.55
18 3.11 1.83
80 1.3 5.19
98 4.34 8.71
73 3.17 1.1
2 5.55 2.73
141 3.62 0.22
279 1.77 3.52
458 0.84 4.43
269 1.64 5.81
306 0.83 4.29
261 1.52 5.41
109 4.52 8.19
244 0.44 3.47
303 5.06 3.32
41 1.94 7.97
9 0.32 5.46
323 0.61 8.88
433 1.73 4.37
147 1.16 6.75
243 2.64 1.6
188 3.64 7.88
444 3.47 0.82
265 2.33 5.27
248 3.33 7.39
197 2.56 4.08
391 5.86 1.88
179 2.09 4.85
84 0.81 1.41
282 0.98 7.92
155 0.09 6.57
260 2.22 4.15
364 3.88 0.67
363 1.79 0.42
131 3.75 3.62
355 0.29 2.79
17 4.2 6.08
236 1.24 4.82
11 2.07 8.41
118 1.18 0.36
362 1.6 7.15
427 4.28 0.86
352 2.42 2.87
74 3.97 7.85
199 5.11 8.52
20 1.38 8.23
227 1.88 1.92
420 0.24 6.34
395 3.14 0.58
451 0.03 8.97
378 5.83 2.67
336 2.84 3.98
440 6.22 5.21
187 4.05 1.27
424 3.53 8.27
475 5.34 7.37
117 5.43 6.01
270 0.36 8.51
65 1.8 0.3
134 1.29 7.45
291 5.27 8.13
42 0.66 5.7
460 4.8 8.81
394 0.72 0.85
113 5.47 2.16
439 4.38 5.03
404 2.06 4.31
277 4.14 2.44
5 3.76 4.89
101 3.8 4.99
78 1.44 4.22
416 2.66 3.74
50 2.13 8.61
318 1.1 2.18
143 0.8 5.31
356 3.12 4.24
423 2.99 0.09
246 3.5 7.12
19 1.28 0.84
112 5.1 6.0
46 4.0 7.26
414 3.92 7.48
26 5.57 8.76
478 6.08 4.09
192 1.12 5.22
350 2.93 5.15
461 1.19 5.5
428 5.99 2.07
207 3.13 5.96
468 4.01 8.38
22 3.96 5.97
177 5.07 1.17
33 5.5 7.8
406 5.31 5.56
266 3.37 2.98
183 5.96 6.46
405 1.78 1.62
477 4.35 2.65
399 1.43 1.07
178 5.76 3.7
95 1.2 7.43
348 0.85 4.72
12 2.21 1.74
32 2.58 0.17
157 2.08 7.04
329 0.88 7.9
71 4.04 3.27
308 3.81 6.53
206 3.86 0.5
445 0.33 6.42
456 4.5 8.65
142 0.01 3.43
281 0.1 3.5
166 2.52 3.68
54 4.82 4.28
25 1.86 5.01
1 4.61 5.91
172 3.42 4.64
234 2.67 1.99
471 2.98 8.43
372 6.33 2.38
396 3.26 5.49
186 4.73 2.84
438 5.9 1.75
171 4.74 6.61
153 0.49 1.61
100 1.15 1.55
38 3.48 6.72
298 2.94 6.54
242 3.65 2.62
426 1.45 0.05
138 3.04 1.18
324 3.18 1.91
169 1.89 1.86
368 5.16 3.97
164 0.89 0.48
195 4.17 0.87
94 2.37 0.47
125 1.7 8.66
401 2.19 5.57
30 4.72 3.09
3 5.45 7.4
233 2.95 0.94
258 3.15 7.07
454 0.35 1.9
152 1.91 7.08
296 4.47 0.9
351 0.14 0.02
229 4.58 4.81
289 0.77 0.64
76 4.81 8.72
339 4.78 5.29
6 6.14 3.53
392 5.13 5.04
369 5.52 0.75
91 5.39 4.84
486 1.23 9.01
417 5.46 0.41
60 4.84 6.96
88 6.09 0.32
31 1.83 3.26
145 3.98 2.49
99 5.12 0.7
328 2.15 2.41
105 4.25 8.49
437 1.75 5.4
212 1.01 1.49
69 4.26 3.31
393 4.91 4.68
202 5.26 3.4
92 4.94 5.26
181 3.28 5.63
280 0.94 0.77
224 5.73 3.24
359 5.89 5.17
366 1.92 7.31
36 0.76 6.9
215 1.42 6.05
170 1.25 6.24
256 0.7 2.51
114 0.18 1.52
375 3.43 7.82
239 2.23 3.45
40 1.97 4.76
156 0.9 5.53
383 3.0 0.31
194 0.79 1.53
476 2.61 2.92
357 0.4 1.01
108 2.6 7.1
374 5.68 5.51
340 1.13 0.06
443 2.35 4.88
484 4.55 3.95
315 1.27 0.44
263 3.51 1.33
255 0.54 4.14
377 6.27 3.44
442 3.08 6.86
62 4.11 6.81
272 5.65 1.58
79 6.16 0.46
432 1.51 5.73
333 5.85 4.86
48 3.24 1.67
216 2.7 2.05
83 2.27 5.71
300 3.7 6.44
219 4.97 4.6
397 3.54 4.69
472 5.05 6.89
347 0.3 8.95
408 5.15 8.87
168 5.97 3.51
321 5.6 3.3
487 3.03 2.68
51 5.23 5.35
450 6.32 6.28
123 3.71 0.56
313 6.05 2.77
133 2.73 4.56
418 0.82 5.59
128 2.86 6.92
15 1.95 3.08
276 4.76 9.02
481 2.28 8.17
120 0.13 8.06
55 5.77 3.93
247 6.15 8.62
322 6.34 4.9
230 5.54 9.04
139 2.0 0.96
8 2.55 8.99
452 2.01 2.32
312 5.48 3.01
390 2.63 5.06
398 5.61 7.5
159 2.44 2.01
338 0.64 5.84
434 5.98 3.87
353 0.11 2.2
387 3.06 8.0
52 5.88 8.02
23 6.02 4.93
90 4.22 8.45
189 6.1 5.16
34 3.55 3.73
341 6.01 0.01
402 4.93 7.54
136 3.23 2.46
304 3.79 7.35
382 1.67 3.54
459 6.18 1.28
16 3.2 8.39
124 3.83 8.31
482 5.56 6.06
148 5.91 4.65
466 5.72 4.94
262 4.19 7.76
116 0.93 8.64
317 3.6 0.74
217 1.47 4.04
286 4.99 6.17
446 4.12 0.26
360 5.14 5.9
257 6.35 4.23
491 5.71 6.94
365 3.57 8.94
489 0.47 9.03
288 4.75 2.82
13 0.65 5.65
85 2.12 7.36
174 0.96 6.41
237 0.06 1.35
89 2.4 1.94
342 3.35 4.2
119 1.9 8.1
68 5.18 8.03
210 1.0 4.67
44 4.49 7.3
190 4.09 4.71
