180
2 2.87 1.23
152 0.49 1.66
103 1.26 0.24
50 2.29 1.2
34 0.69 1.64
54 3.11 1.03
165 0.79 0.59
99 3.27 0.31
124 1.95 1.06
28 2.72 1.08
142 1.18 0.98
14 1.03 0.71
114 0.82 0.09
75 0.73 0.17
81 0.12 1.7
64 1.75 1.42
25 0.07 1.53
136 2.64 1.67
123 0.67 0.92
10 0.04 1.22
69 1.54 0.99
171 0.1 1.71
16 2.34 1.29
167 2.36 0.44
87 0.13 0.23
65 0.34 0.9
49 3.28 0.77
45 0.76 0.67
83 2.13 0.73
175 2.14 0.81
18 2.94 0.37
109 0.6 0.95
101 3.26 0.01
40 0.77 0.88
110 1.68 0.19
48 1.99 1.63
157 1.82 0.82
82 0.62 1.09
154 2.33 0.15
4 1.59 0.85
23 3.23 0.47
115 1.1 1.62
128 1.04 1.57
179 1.78 1.44
56 1.4 0.97
22 0.32 0.34
168 0.53 1.35
86 1.12 1.5
150 0.7 1.49
158 2.99 0.74
19 2.79 1.02
100 2.91 0.02
57 3.15 0.68
39 3.14 0.08
95 1.19 0.54
162 2.05 0.91
7 1.28 1.32
31 1.92 1.3
80 2.22 0.86
27 2.55 0.48
147 0.85 1.04
107 1.83 1.68
77 2.69 1.05
60 1.39 0.57
47 1.23 1.28
58 1.52 0.79
66 0.64 0.14
11 1.46 0.11
73 1.5 0.22
132 0.42 0.2
102 2.67 1.78
9 0.45 0.35
104 1.77 0.93
137 2.51 0.05
36 3.12 1.18
116 0.08 0.45
72 0.39 0.64
166 2.43 1.52
160 2.08 0.3
130 1.94 1.8
180 0.11 1.1
120 2.42 0.51
20 1.98 0.62
134 2.25 1.07
8 2.62 0.58
30 2.21 0.83
71 2.28 0.27
84 0.91 0.65
155 1.27 1.76
148 3.07 1.54
74 0.02 0.32
61 1.14 1.55
38 1.49 0.42
15 1.81 0.94
44 1.51 0.16
98 1.73 0.84
29 0.52 0.72
46 0.31 1.01
67 1.6 1.38
63 0.95 0.87
143 1.11 0.28
146 2.39 1.58
112 2.85 0.66
12 3.05 1.48
89 2.01 0.8
105 1.56 1.41
135 2.1 1.73
53 2.86 1.12
21 2.19 0.7
118 2.27 1.59
140 1.37 1.46
111 2.0 1.31
76 0.06 0.49
113 3.2 0.96
79 2.97 1.47
41 0.88 1.75
164 0.93 1.45
173 0.59 1.77
1 2.02 1.56
129 2.74 0.26
68 2.5 1.13
121 2.63 0.75
17 0.03 0.38
92 1.71 1.61
85 0.54 0.33
52 0.96 0.53
24 0.18 0.04
70 3.17 0.43
133 0.57 1.27
37 1.3 1.39
153 1.79 0.07
55 0.4 0.25
125 2.53 0.78
3 0.33 0.89
108 0.55 1.34
127 3.01 0.12
88 1.57 1.74
59 0.74 0.03
169 2.9 1.0
33 2.24 0.29
139 2.95 0.55
144 1.96 1.69
122 1.93 1.26
178 0.24 0.18
176 2.76 1.19
13 3.06 1.36
90 1.89 0.46
42 2.4 0.52
170 1.16 0.39
106 1.41 1.17
126 2.45 1.6
172 3.19 0.76
119 0.27 1.4
35 3.24 0.41
141 0.09 0.36
97 1.63 0.13
96 2.12 1.33
151 1.9 0.5
93 2.11 1.21
145 0.5 1.14
138 1.74 1.16
131 1.91 0.06
5 2.59 0.63
156 2.93 0.4
94 1.34 0.61
177 3.0 0.1
117 2.44 0.21
78 0.26 1.79
62 1.58 1.24
174 3.22 1.65
6 1.72 1.15
43 1.47 0.56
163 2.31 1.11
159 0.35 0.6
51 0.9 1.37
161 0.86 1.51
91 1.35 1.72
32 0.56 0.69
26 3.21 1.25
149 1.53 1.43
