285
29 5.55 7.8
261 1.05 1.38
181 2.19 8.94
257 2.28 7.46
177 5.36 0.6
87 2.55 8.99
43 3.85 8.38
271 5.27 5.06
140 1.51 8.98
83 6.76 8.58
282 6.71 5.0
10 7.01 3.91
91 6.66 7.69
28 0.06 3.09
62 0.32 0.51
26 2.89 8.39
264 3.16 4.5
73 3.34 9.23
78 0.99 6.78
96 2.16 4.22
165 4.8 0.64
253 6.56 2.22
92 0.98 8.75
7 6.59 6.32
227 6.9 0.95
229 6.32 6.31
278 0.14 5.45
219 7.0 6.92
196 3.09 0.4
237 0.1 9.15
122 3.62 2.07
79 4.17 9.37
42 5.16 3.59
19 5.71 6.28
230 4.41 6.2
8 1.14 0.92
89 3.3 7.06
209 5.69 7.01
194 2.5 3.04
76 0.03 0.22
217 1.24 2.04
86 1.67 5.3
252 5.88 8.69
205 3.02 2.57
255 4.38 4.04
147 0.69 2.0
191 5.75 2.66
189 4.68 3.21
176 4.3 4.29
2 2.56 4.92
241 5.91 0.26
99 6.25 9.28
57 6.52 4.97
100 2.53 6.15
112 0.78 2.65
215 3.99 0.81
139 2.08 8.36
81 5.2 5.96
262 1.91 3.98
25 3.61 5.38
109 2.63 2.18
14 5.1 9.43
188 4.63 6.02
200 6.89 4.3
235 6.1 7.24
249 3.26 7.07
50 4.73 4.16
155 6.24 9.36
37 3.0 3.12
27 1.81 4.72
120 1.93 3.39
222 5.38 7.72
146 5.41 3.36
6 2.14 0.62
265 7.28 3.51
207 4.94 9.22
218 0.67 3.78
24 1.77 5.44
208 5.6 7.65
154 2.44 4.82
201 2.65 3.07
125 4.13 0.35
259 4.44 3.26
54 6.15 3.3
210 5.89 0.53
12 2.0 4.49
23 4.65 2.56
119 6.96 6.3
145 2.85 6.23
11 3.04 0.04
276 1.5 5.92
126 5.48 0.67
60 3.69 3.11
3 0.5 2.83
135 3.42 6.96
103 2.62 8.05
161 4.84 3.27
131 4.1 5.9
198 3.89 1.97
106 2.12 6.42
156 0.82 3.95
132 0.42 7.66
274 3.37 1.82
59 5.68 8.72
124 7.05 8.71
143 3.25 0.54
272 1.53 4.02
130 6.19 5.52
77 0.21 6.7
179 4.76 0.13
204 5.96 7.7
116 1.58 5.09
58 5.15 8.65
46 3.53 5.36
285 1.62 7.88
80 3.03 9.19
275 3.63 4.14
34 3.9 5.67
142 4.93 7.55
51 2.73 8.82
214 2.72 2.19
110 4.86 5.56
172 4.9 3.93
242 1.49 7.09
232 4.5 3.2
84 2.77 7.13
123 2.31 7.29
152 3.55 3.37
31 4.62 6.35
247 5.25 8.5
35 2.99 8.52
15 3.07 1.98
263 3.96 8.34
223 1.72 9.13
111 0.39 2.64
195 2.6 2.48
53 2.54 3.24
244 0.59 9.35
67 6.31 4.57
186 2.93 3.73
82 0.48 4.18
148 4.14 7.45
225 2.29 5.4
38 6.94 4.24
180 0.76 9.09
97 3.58 0.02
44 7.27 3.52
280 3.67 8.96
171 6.49 5.32
216 5.52 5.2
190 2.21 4.58
206 1.96 7.84
268 4.56 3.46
192 3.93 2.1
234 3.36 1.01
212 6.81 1.26
127 7.2 0.08
114 3.4 5.62
250 5.49 5.84
56 2.34 1.59
238 7.17 9.47
55 2.67 8.63
4 4.36 7.33
16 3.47 6.55
199 1.85 4.87
48 1.08 6.74
64 5.76 6.76
141 0.29 5.65
47 5.23 5.54
108 5.01 7.1
266 0.75 6.12
121 6.84 5.91
117 0.64 4.28
68 1.68 6.86
115 1.48 7.12
236 2.33 7.79
71 5.9 6.85
134 5.3 1.45
224 4.74 8.61
153 1.32 5.12
85 1.31 8.13
203 5.26 8.48
150 7.25 8.35
61 2.23 0.69
32 2.3 7.21
39 3.86 1.0
63 5.7 5.48
30 0.92 2.44
284 4.81 4.1
184 5.66 7.91
281 1.89 8.8
283 7.23 3.47
21 6.3 8.32
267 3.45 3.56
239 5.33 5.87
20 2.69 3.06
118 7.09 8.9
163 3.11 7.82
211 4.32 5.47
45 5.97 5.66
66 3.51 2.77
178 1.86 6.6
94 4.04 6.1
72 1.27 9.46
69 3.33 7.89
182 3.22 7.95
240 3.12 6.77
279 4.34 3.92
9 1.35 1.9
160 5.12 3.41
258 7.13 6.59
248 4.22 3.34
144 2.26 5.04
104 5.85 1.53
233 1.97 7.67
277 0.08 4.42
33 6.47 7.11
220 5.84 0.34
197 1.3 7.2
107 1.8 3.87
169 1.41 8.54
157 2.83 1.32
213 5.47 5.63
36 6.07 3.38
136 5.79 1.73
175 5.5 3.48
246 4.15 3.61
168 5.13 1.4
151 4.42 1.51
17 7.11 8.57
164 1.21 3.54
65 4.48 6.52
243 6.46 9.07
269 2.75 6.29
256 4.26 0.37
13 2.61 0.66
49 3.35 4.6
70 3.64 4.73
174 3.56 3.69
105 0.52 0.55
226 0.8 7.3
185 3.91 8.17
90 1.15 2.51
138 4.95 1.54
158 1.82 0.88
101 0.95 1.08
137 6.42 3.82
102 2.95 8.27
162 1.33 3.9
221 6.68 4.89
260 5.54 1.86
98 6.61 7.62
52 1.75 8.1
251 0.53 3.44
270 2.36 8.33
231 4.83 6.06
202 7.21 5.85
170 3.38 8.62
41 2.87 0.17
1 6.34 5.8
93 1.66 9.26
183 1.44 3.28
228 3.1 1.24
149 2.25 6.38
166 3.59 3.94
40 0.57 4.76
273 2.15 1.66
128 6.08 1.69
95 4.99 4.12
129 1.83 9.1
187 5.09 2.52
159 2.57 1.6
113 0.63 7.48
193 6.22 3.97
245 1.92 7.99
167 6.82 6.24
74 6.21 8.93
75 6.17 8.11
88 1.69 7.98
22 1.71 3.14
5 3.68 8.73
254 6.78 0.3
173 6.92 8.83
133 4.28 2.69
18 7.24 1.25
