76
71 6.78 1.41
39 4.81 8.54
42 0.85 3.51
18 5.71 5.36
28 7.22 2.89
68 6.38 8.35
34 4.84 5.15
10 4.55 2.08
33 4.67 5.49
59 2.75 1.55
21 9.3 3.68
74 9.45 8.24
41 7.53 6.1
7 1.99 4.13
45 3.16 0.05
17 0.77 7.46
22 2.66 6.96
48 0.01 6.6
73 3.41 8.0
9 8.6 0.76
50 2.31 0.14
20 7.47 2.65
36 4.06 3.91
12 3.19 8.06
13 6.36 0.62
66 0.19 1.03
14 7.02 4.94
72 0.9 9.62
38 7.43 6.44
69 3.89 3.4
53 6.14 7.62
31 3.28 8.37
1 8.71 3.69
43 1.84 9.57
49 3.25 5.19
64 9.29 3.43
40 2.45 1.49
4 3.97 1.43
16 3.05 0.23
29 8.41 2.99
62 3.04 2.56
11 3.48 5.84
23 7.23 5.76
70 3.1 7.29
76 9.43 9.87
65 0.58 3.7
58 9.63 6.08
46 9.0 8.74
60 8.7 0.15
27 4.28 1.67
55 4.91 0.72
32 4.68 8.81
54 5.8 4.55
30 2.01 3.78
2 4.45 3.53
75 7.57 9.05
6 2.69 4.78
47 8.87 0.02
24 1.68 8.75
51 0.31 5.22
25 0.82 8.29
35 3.32 6.02
37 6.49 9.73
19 6.01 3.88
67 3.21 0.99
5 0.88 3.15
26 6.81 1.69
8 5.43 0.79
57 1.66 7.37
15 1.44 5.29
52 5.51 2.79
3 8.58 3.95
44 7.91 3.28
61 1.88 6.62
63 3.57 8.48
56 6.13 2.64
