350
155 1.37 2.88
338 5.32 3.47
234 4.13 3.05
87 1.92 0.42
276 6.93 2.51
147 3.68 5.69
39 4.43 3.94
37 6.76 5.9
219 1.44 0.33
58 2.38 4.71
203 4.98 1.37
183 0.82 4.11
83 4.29 4.91
164 3.89 1.13
212 6.03 1.6
159 2.32 5.7
148 5.86 6.56
297 8.22 5.44
310 7.86 0.48
235 2.4 3.56
112 1.36 6.98
182 0.97 5.38
120 6.19 3.13
250 1.04 5.4
286 8.04 0.7
293 4.31 4.23
316 7.38 2.15
191 4.25 0.13
91 7.53 3.28
256 7.59 6.79
348 0.64 0.64
189 8.11 2.1
247 8.39 6.83
269 3.2 1.31
40 6.83 0.67
327 6.75 1.77
195 1.59 2.66
167 4.26 1.35
243 1.17 1.73
28 2.74 4.44
92 5.35 3.03
336 4.44 4.26
139 6.73 2.02
171 8.09 5.06
303 7.27 5.76
214 2.16 5.86
174 4.93 5.04
23 3.36 5.88
63 7.71 6.15
265 1.82 3.72
161 4.6 3.82
206 2.27 0.94
325 3.88 5.59
259 0.05 4.0
221 5.8 4.09
127 7.06 3.83
304 7.8 4.34
31 7.12 2.68
54 4.64 6.22
169 1.11 0.98
131 3.19 2.57
107 1.23 3.0
305 2.61 0.85
18 6.51 5.77
279 5.26 0.27
264 1.47 0.84
244 0.33 3.8
317 5.2 2.98
124 8.02 4.97
70 6.68 0.04
5 6.55 1.75
323 1.49 4.03
73 2.53 0.32
251 4.78 3.76
192 6.97 0.6
136 7.81 2.29
157 6.92 5.74
312 7.41 1.21
309 8.82 5.96
179 0.28 4.96
186 6.35 0.53
339 5.43 2.64
177 3.53 0.73
125 7.34 1.68
173 1.72 2.12
79 2.95 0.59
100 2.64 2.97
187 7.51 3.84
102 0.13 6.01
274 7.0 2.72
268 6.72 0.28
149 8.53 1.69
25 8.54 2.33
188 7.03 2.22
290 8.19 6.33
137 5.82 2.47
193 7.56 2.55
117 7.3 3.07
329 4.3 3.38
7 0.86 2.79
98 3.16 1.9
314 0.35 0.03
205 8.48 1.1
151 7.67 1.89
288 2.37 0.08
106 5.68 0.55
51 7.08 3.53
158 6.26 3.21
82 5.04 2.36
184 8.71 5.63
29 0.47 0.1
141 7.37 2.99
64 5.48 3.48
21 0.61 1.14
242 6.23 3.99
16 1.86 2.43
330 7.7 3.24
343 4.53 4.94
301 1.53 3.54
231 8.33 6.3
78 6.58 6.08
14 1.6 5.28
10 4.08 1.62
341 0.6 3.91
32 8.79 0.4
326 3.62 0.66
298 6.06 2.54
196 3.66 3.37
201 0.63 2.76
280 0.29 5.46
17 3.39 2.18
166 7.92 2.75
57 6.78 1.99
84 6.8 0.07
283 6.64 2.31
74 2.72 3.32
49 5.33 3.4
287 2.23 3.93
328 4.82 2.27
240 7.98 1.39
257 4.39 5.09
60 1.4 1.66
229 2.01 2.96
185 3.26 0.18
181 7.4 2.17
81 0.98 6.27
33 5.88 2.93
48 1.9 6.42
282 2.45 1.8
294 0.56 5.02
296 1.19 4.75
254 3.05 2.32
246 2.87 0.61
96 8.51 0.65
319 5.06 0.41
61 7.73 6.64
46 1.89 6.18
168 5.37 0.63
226 0.96 4.53
350 6.36 4.82
118 5.81 4.77
133 2.35 2.28
13 1.54 5.3
140 0.22 3.5
233 0.71 5.43
292 2.79 4.1
176 5.95 0.44
311 3.29 4.78
267 5.41 1.54
207 7.96 5.65
318 2.57 4.95
116 1.18 4.17
281 1.79 3.52
150 8.34 4.86
44 6.3 0.19
114 6.57 5.18
2 2.81 5.16
299 5.49 4.48
109 1.62 5.47
237 1.39 5.81
300 8.5 6.89
95 0.88 0.82
156 7.43 5.12
263 8.35 1.3
56 8.42 2.91
53 7.09 1.17
103 0.65 2.3
262 0.93 4.55
153 2.14 4.88
270 0.31 3.79
308 4.35 5.05
93 8.52 5.24
86 5.92 4.22
255 6.98 1.67
272 3.64 3.67
224 4.95 3.46
331 6.15 4.68
143 0.77 2.78
90 7.26 0.8
104 1.28 0.34
258 0.02 2.13
80 8.13 5.66
30 7.93 0.77
163 2.46 3.15
145 7.89 2.46
94 3.73 1.04
198 2.68 6.58
123 6.9 2.19
209 1.52 6.26
202 0.43 2.56
126 7.17 4.76
119 2.75 5.84
211 3.75 4.12
55 5.78 1.27
333 2.26 5.93
62 2.13 5.8
200 5.16 5.73
135 0.57 3.39
238 8.75 0.76
275 1.83 1.24
302 2.77 5.79
101 7.39 3.23
320 0.4 5.39
273 4.14 5.87
295 4.22 5.83
260 0.53 4.72
225 0.39 1.85
113 1.96 0.37
249 1.24 5.71
41 7.45 5.19
132 7.11 2.53
277 5.12 1.52
52 1.69 5.2
322 7.58 5.67
345 6.79 4.87
252 4.27 0.9
138 1.84 5.36
88 4.96 2.11
321 2.58 3.27
315 3.55 4.35
230 8.24 3.65
204 5.02 4.51
27 4.83 5.78
248 0.32 2.69
115 6.29 1.18
218 1.71 6.81
289 0.21 3.77
22 2.65 2.48
197 3.92 3.59
130 1.07 2.01
332 2.9 4.74
35 2.83 2.9
340 5.01 2.08
266 8.58 1.02
77 8.6 3.51
76 6.69 4.46
307 5.77 6.38
12 6.25 3.04
47 3.5 6.16
4 1.21 3.66
67 0.03 6.67
99 2.34 3.31
128 5.74 4.28
170 7.95 0.72
152 0.01 4.39
337 5.27 2.49
8 8.29 0.92
69 3.18 6.34
241 7.15 4.21
162 3.6 5.95
105 3.56 0.83
324 2.03 2.03
215 7.49 6.97
334 1.01 3.3
19 4.49 0.35
278 2.47 2.59
20 4.91 4.3
26 6.28 4.29
216 1.88 3.81
3 5.25 1.47
45 8.63 2.37
223 5.54 6.51
85 3.79 6.07
1 0.19 2.0
172 2.49 1.45
349 2.24 6.59
50 5.71 1.65
68 6.14 4.33
210 3.49 2.71
213 1.35 5.49
144 5.76 2.39
154 4.62 6.48
129 0.23 3.61
146 7.29 4.79
75 6.66 4.05
142 7.32 4.37
232 1.45 1.32
65 6.54 0.71
285 0.08 1.79
227 4.67 6.21
236 1.41 3.9
110 1.7 3.86
175 7.87 6.13
36 1.43 6.84
291 5.09 6.44
245 0.55 6.09
15 2.86 1.16
43 4.77 6.2
190 3.77 6.36
194 8.46 4.14
228 4.54 3.75
178 6.94 6.25
66 2.28 3.58
111 0.04 5.48
11 8.21 2.87
180 7.66 2.23
335 3.13 5.07
134 5.75 5.97
261 6.33 6.47
313 6.71 6.96
217 5.85 6.43
220 6.85 4.64
342 7.75 0.31
253 2.66 2.34
9 5.38 0.3
160 7.14 6.76
59 4.76 1.93
108 4.99 4.92
347 2.62 3.01
271 0.73 6.66
346 4.81 6.87
72 7.42 3.78
306 6.09 2.89
165 8.26 3.98
97 6.7 6.28
42 6.62 6.35
71 5.5 5.82
121 4.37 4.61
222 2.82 4.18
239 0.34 1.92
344 8.05 6.1
199 3.8 3.68
208 6.74 5.22
38 8.15 1.36
122 0.91 0.29
6 1.14 0.05
89 0.49 3.96
34 2.99 6.41
284 7.07 2.95
24 6.6 5.21
