256
24 1.34 1.56
59 2.72 0.94
133 3.69 0.43
163 1.62 4.95
88 2.63 1.27
39 4.19 3.8
120 0.95 1.1
100 2.56 2.15
191 2.66 3.91
145 1.7 1.5
215 0.14 4.88
75 0.35 4.17
150 3.84 4.54
76 4.37 4.92
188 0.82 4.49
232 0.71 2.74
229 0.73 3.68
65 2.68 6.14
244 3.33 1.47
213 0.66 3.01
54 3.41 0.91
138 2.26 1.7
98 4.38 1.87
175 4.15 0.31
132 3.5 0.95
241 4.17 2.32
227 3.8 3.89
237 0.09 1.34
149 2.05 4.84
7 1.08 4.87
239 1.38 4.77
79 2.19 2.3
18 0.31 5.82
80 1.52 1.89
40 3.42 3.93
118 3.21 3.24
33 2.41 4.2
49 4.04 3.51
122 1.89 0.99
246 0.24 5.43
85 1.12 1.26
204 1.24 0.51
183 1.78 0.46
242 3.82 5.32
108 3.35 6.12
16 2.0 0.82
52 3.25 5.71
199 4.34 2.37
25 3.62 0.08
181 1.37 5.22
224 1.51 4.27
156 2.55 0.57
13 1.39 4.79
171 1.75 0.62
3 2.21 1.09
203 0.06 1.82
170 3.14 5.33
27 1.66 2.69
177 0.93 2.88
109 1.13 5.44
8 4.25 4.78
251 2.93 4.98
26 4.23 0.03
6 1.98 2.46
147 0.41 3.69
99 0.75 0.29
30 3.55 1.3
51 0.65 5.03
77 2.61 5.02
127 0.39 1.99
89 0.3 4.11
38 3.18 5.81
48 0.29 2.1
115 3.87 0.4
153 1.0 5.99
61 1.83 4.47
15 1.25 6.17
43 2.54 5.04
112 1.67 3.52
228 0.89 1.93
233 1.94 4.52
166 1.9 1.62
123 2.32 0.39
192 1.14 5.11
158 0.97 3.59
14 3.31 1.04
162 3.01 4.23
72 1.17 3.46
179 1.87 2.33
113 0.88 5.16
243 0.81 2.55
231 1.32 3.36
105 1.04 2.89
20 0.25 3.29
198 2.73 5.24
223 2.59 1.85
176 4.01 4.53
212 3.17 5.56
107 0.92 6.23
154 0.5 1.46
23 2.87 0.49
255 3.89 4.39
117 2.51 5.8
64 0.58 5.19
31 1.81 3.81
169 0.03 0.73
101 0.9 6.04
161 0.43 2.21
201 3.08 0.24
247 4.16 0.34
73 4.3 0.25
114 3.83 2.49
126 2.8 4.73
222 1.36 6.33
102 1.3 3.62
196 3.99 0.64
57 1.41 5.34
182 1.82 3.92
209 4.33 3.22
205 0.32 2.81
47 0.48 3.57
110 3.19 3.17
240 3.66 4.33
164 0.05 5.37
2 3.23 2.22
12 3.07 2.47
174 1.64 6.05
41 1.76 0.13
111 3.54 2.0
5 3.34 1.45
131 4.29 0.92
136 4.11 0.93
207 3.24 0.48
82 1.72 6.18
159 3.06 0.38
130 0.26 6.2
50 0.49 2.96
42 1.49 0.84
236 0.07 5.88
152 0.55 2.26
195 4.4 1.71
97 2.31 3.56
245 2.95 3.44
53 2.84 2.11
68 0.47 4.04
69 3.63 1.92
180 2.25 5.55
35 2.43 3.11
235 1.48 3.41
90 0.37 4.85
45 1.47 3.55
17 0.45 5.21
249 0.28 3.4
157 2.01 3.04
186 3.97 3.31
60 3.65 5.95
46 2.37 2.95
10 3.02 1.08
96 1.1 3.7
86 3.52 3.49
62 1.23 6.24
81 2.98 1.36
187 2.36 4.42
185 3.71 3.77
103 0.21 2.2
37 1.35 0.07
217 2.09 4.86
104 2.9 4.46
87 2.75 2.13
91 1.22 3.26
165 4.0 0.7
93 0.13 3.79
141 2.94 0.37
189 1.29 5.41
137 4.12 1.73
216 1.63 1.16
67 3.81 3.39
70 2.12 2.07
208 2.78 5.7
190 2.67 2.35
151 1.99 4.6
44 1.95 3.95
202 1.93 1.06
55 0.96 3.07
36 1.5 5.57
83 1.61 2.43
139 0.74 5.25
28 3.12 5.58
121 4.13 2.04
94 3.58 3.21
218 2.38 3.63
140 1.58 4.4
84 2.99 4.72
230 2.96 2.52
253 3.92 0.88
124 2.23 4.74
197 0.54 1.15
116 0.18 2.36
29 2.83 2.38
106 2.47 1.94
178 1.57 6.32
173 4.22 5.87
250 2.3 4.65
167 0.19 2.48
9 2.4 6.15
214 0.57 5.06
219 1.33 4.58
234 2.91 4.7
211 2.04 5.13
143 0.36 4.31
22 4.21 4.99
74 0.53 1.05
146 2.92 2.8
200 3.64 0.78
95 2.85 0.87
221 1.18 5.5
254 3.0 5.52
71 0.86 4.13
210 3.36 1.42
56 4.27 6.22
34 0.2 1.59
125 1.97 1.61
32 2.49 0.86
58 2.76 1.6
155 0.44 4.76
194 1.8 5.61
19 2.6 6.34
248 2.64 5.97
220 2.5 3.2
135 3.15 1.52
144 0.33 2.93
134 2.86 5.93
4 0.04 4.44
21 1.85 5.9
184 3.7 2.77
142 4.32 5.2
193 3.67 5.38
238 0.51 6.08
168 3.51 4.9
172 1.77 2.68
66 4.39 1.11
92 1.44 5.47
206 2.82 2.05
63 3.3 2.66
225 2.62 0.8
160 2.57 2.45
148 0.08 1.02
1 3.88 1.54
11 0.61 1.4
252 4.26 2.14
256 3.38 1.9
129 3.76 4.16
128 3.45 2.06
226 3.78 1.22
119 1.02 5.39
78 2.88 2.86
