213
184 2.43 1.23
50 1.17 0.92
205 0.03 1.38
24 1.33 1.6
152 2.68 1.19
190 0.4 3.4
35 1.88 0.48
200 2.11 3.09
115 0.11 2.34
80 2.09 2.36
162 3.14 3.38
94 2.57 1.84
3 1.84 0.84
201 1.86 2.57
67 0.3 1.52
54 1.44 0.03
79 1.2 3.3
82 3.15 2.05
51 1.53 0.53
1 1.78 3.27
173 2.92 3.0
75 2.73 2.77
4 1.72 0.11
20 1.31 2.17
60 0.56 1.53
181 1.82 0.29
134 2.12 2.42
195 0.66 1.99
73 0.45 3.07
211 2.74 0.67
87 0.79 0.69
141 2.32 0.94
63 2.99 1.06
108 2.37 2.23
36 1.3 1.0
161 1.8 2.65
142 2.3 1.91
66 1.81 2.39
168 1.91 2.06
121 0.38 2.45
183 3.06 1.29
131 1.52 1.72
18 3.19 0.52
110 1.64 2.72
133 1.85 0.59
175 2.51 2.16
12 0.31 2.81
149 1.94 0.85
105 1.61 2.61
27 0.51 2.09
17 1.26 2.32
171 1.66 0.33
8 1.38 2.53
97 0.74 1.94
212 0.77 2.26
136 1.27 3.17
117 0.8 3.03
88 1.08 1.89
137 2.15 1.61
83 1.15 2.44
153 2.27 1.43
37 1.45 0.37
199 0.28 0.58
179 0.99 2.33
77 1.21 0.57
111 0.47 1.45
78 0.83 0.65
56 3.0 2.43
197 2.48 3.32
6 0.06 0.87
194 2.33 3.08
146 0.07 0.05
86 2.7 2.6
185 3.05 2.66
68 2.91 2.78
187 2.2 1.2
156 1.16 0.66
9 0.05 2.51
32 2.03 1.57
206 0.43 1.8
122 1.07 2.52
172 0.6 1.74
16 0.89 0.02
85 1.09 0.12
64 0.75 3.16
126 1.24 2.04
166 2.1 1.08
118 2.93 1.13
70 1.12 0.06
103 0.91 0.72
130 2.29 1.9
100 2.47 1.7
129 1.6 1.18
91 1.99 3.12
29 1.71 1.14
177 1.97 0.91
31 1.18 1.17
178 2.83 2.67
174 2.5 1.82
176 0.36 0.08
109 2.56 3.41
208 0.09 2.93
113 0.19 2.79
98 1.01 2.84
157 2.02 1.55
106 0.73 1.34
155 0.67 0.95
112 0.46 0.4
167 2.86 0.2
15 0.52 1.02
140 0.71 0.9
182 2.41 2.18
186 0.39 1.83
139 3.02 0.04
150 2.44 2.13
10 3.16 1.77
55 2.54 1.97
189 0.54 0.54
114 1.62 3.11
125 0.48 0.7
116 2.6 0.5
23 2.58 1.59
34 2.55 0.49
76 2.25 2.48
58 1.59 0.6
104 2.8 1.49
52 3.08 1.41
30 1.5 1.5
25 1.87 0.78
193 3.1 0.32
21 1.73 1.75
127 2.45 3.22
154 2.49 0.09
22 0.9 1.87
40 0.86 0.75
144 2.01 3.05
69 1.41 1.81
42 1.83 1.62
143 1.76 2.83
7 0.23 2.01
124 1.11 1.04
48 2.66 2.38
148 2.79 2.03
203 2.07 0.73
163 2.4 0.34
198 2.28 2.62
138 0.68 0.56
41 2.23 2.54
45 3.09 1.28
209 3.07 3.39
92 1.95 0.97
191 2.71 2.63
159 0.33 0.99
102 1.28 1.22
196 0.21 1.31
132 2.42 3.37
57 0.29 0.1
89 2.77 1.16
95 1.98 0.22
170 0.22 1.44
38 1.06 0.01
158 0.61 0.63
164 2.82 0.64
160 2.22 0.43
81 2.98 1.73
135 2.67 0.27
145 0.81 3.28
188 0.27 0.31
119 1.9 2.96
99 0.59 1.09
13 2.39 0.98
11 1.0 0.93
28 0.49 2.21
53 0.18 3.14
204 2.04 2.35
47 2.96 0.81
61 1.56 0.74
71 1.04 0.23
120 1.1 2.5
14 1.7 2.7
5 0.17 2.91
62 0.42 3.06
2 0.96 2.85
46 1.93 2.25
72 0.25 3.26
19 2.36 0.61
39 1.36 1.46
147 2.34 0.8
43 1.77 2.64
101 0.93 2.19
192 2.84 2.58
96 2.16 2.11
65 1.42 0.35
33 0.84 3.25
165 2.63 2.69
207 2.97 1.27
74 1.58 1.66
213 0.76 1.24
90 0.12 1.64
107 2.38 0.26
123 0.95 2.41
128 2.26 0.79
202 2.59 2.12
44 3.11 1.21
151 1.67 2.97
169 1.48 2.8
59 0.64 2.56
210 0.58 1.67
26 0.87 1.65
49 1.46 2.76
84 0.16 0.14
180 2.52 1.36
93 1.49 3.21
