221
182 0.51 1.58
107 1.25 0.53
63 0.11 0.09
39 1.79 0.63
164 0.33 1.18
187 2.9 1.84
113 0.36 0.94
49 0.08 1.63
214 3.37 0.77
196 0.57 2.02
130 1.2 0.85
178 1.13 2.1
171 3.88 1.96
78 3.3 0.19
38 4.45 0.31
25 4.54 1.91
129 3.23 1.52
128 2.59 0.29
220 2.06 0.68
123 4.98 1.11
6 4.6 0.07
177 0.91 1.36
219 3.4 0.57
208 3.35 2.21
121 3.84 1.98
108 2.72 1.48
212 4.48 0.8
134 1.92 0.56
102 4.03 0.99
201 3.07 1.87
24 0.94 2.18
64 4.97 0.11
153 4.7 0.87
181 2.85 1.64
125 3.33 0.64
154 3.05 1.5
142 4.96 0.95
65 1.24 0.83
124 1.9 0.55
29 3.5 0.1
85 4.19 0.39
28 3.62 1.73
46 2.46 1.92
88 4.88 1.05
26 3.36 1.31
192 0.78 1.4
221 4.79 1.76
149 1.98 1.6
47 0.56 1.37
165 1.21 1.56
23 0.01 1.62
175 0.02 1.88
51 3.27 0.51
32 2.07 1.14
57 3.76 0.37
112 2.54 1.41
76 1.7 1.74
176 2.32 1.09
15 1.29 0.7
163 0.55 0.75
156 3.68 1.13
213 3.0 0.34
70 4.55 2.17
189 1.09 1.33
155 1.84 0.44
137 2.3 1.65
68 2.47 1.0
104 1.74 1.59
133 1.76 2.06
145 1.82 0.45
93 0.7 1.2
217 0.31 0.91
148 3.09 0.06
138 3.55 0.27
73 2.53 1.42
14 2.5 1.44
183 3.46 0.69
97 2.82 1.46
90 0.09 0.65
19 3.94 0.22
8 4.57 0.21
166 4.75 0.96
116 3.24 0.01
11 4.89 0.46
109 2.65 0.28
82 3.59 0.49
7 4.17 1.9
147 2.2 0.59
20 2.1 0.2
179 3.69 1.26
31 0.84 0.4
74 0.27 2.07
66 1.45 0.81
215 2.17 1.7
180 2.57 0.04
89 3.08 0.23
185 2.05 0.16
199 0.13 0.02
168 2.26 0.97
50 3.19 1.39
174 0.42 0.18
40 2.87 1.93
36 4.5 0.9
118 4.91 0.5
33 4.72 2.0
103 3.8 1.47
119 4.64 0.58
75 1.3 1.29
2 2.55 1.1
120 3.91 1.17
101 2.89 0.88
9 3.01 0.43
61 2.28 1.49
35 1.32 2.11
206 1.44 1.27
21 2.37 1.02
52 4.95 1.97
30 3.66 1.38
140 2.63 0.82
193 3.04 1.34
98 4.52 0.03
150 3.71 2.2
55 3.72 0.73
87 1.01 1.06
16 2.22 0.14
1 1.77 1.69
79 3.41 0.32
139 3.26 0.41
167 0.07 0.6
48 2.11 0.12
146 0.25 0.35
144 4.31 0.67
80 4.99 0.61
27 1.64 2.19
186 0.3 0.74
12 0.88 0.78
22 3.14 0.25
170 1.95 0.26
18 2.03 1.03
172 4.56 1.67
37 0.52 2.15
216 4.86 0.24
141 3.85 1.22
203 0.43 1.23
211 2.0 1.04
210 4.77 0.33
10 0.99 0.36
126 1.19 1.24
69 2.99 0.92
184 1.31 1.85
135 0.75 1.12
59 0.67 0.54
114 2.66 1.07
115 1.86 1.82
162 3.87 1.51
110 1.56 1.21
43 4.68 1.28
53 2.61 0.05
41 2.27 2.04
72 2.36 1.55
3 0.68 1.35
191 4.22 1.94
157 2.68 1.16
200 3.79 1.86
86 2.25 1.08
159 0.37 1.8
173 2.93 1.61
160 1.37 0.3
195 2.98 1.19
99 2.97 0.71
197 3.7 2.12
188 4.34 0.84
45 2.6 0.38
161 2.42 0.17
84 4.21 0.79
67 3.32 1.25
106 1.93 1.57
111 2.16 1.32
81 4.82 0.62
198 2.33 2.14
158 0.81 0.89
13 4.04 2.09
77 0.26 0.76
42 4.39 0.72
152 1.88 0.08
71 0.18 1.53
105 1.34 2.01
207 4.37 1.77
58 3.67 0.52
92 2.51 1.79
218 3.93 0.66
131 3.48 2.05
194 3.31 2.16
204 1.55 0.13
143 4.32 1.43
100 1.07 1.45
91 2.96 1.95
190 4.67 2.08
169 3.61 0.42
4 5.0 2.03
209 2.13 1.01
136 1.17 0.15
54 1.96 1.54
5 2.73 1.68
83 1.4 1.71
205 4.93 0.98
34 0.65 1.66
94 0.97 0.86
202 4.25 2.13
132 1.41 0.48
56 0.73 1.81
122 3.47 1.75
62 3.25 1.15
117 4.0 1.72
17 4.84 1.83
95 3.06 0.47
127 4.94 1.99
151 1.14 1.78
44 2.23 1.89
96 4.1 1.3
60 2.12 0.93
