112
94 3.5 5.67
30 2.41 2.87
24 0.81 3.74
107 0.94 1.23
42 0.67 5.08
1 0.28 8.77
50 2.93 1.65
29 3.03 4.17
9 3.66 6.8
96 1.12 6.89
17 0.44 0.17
109 2.28 4.53
61 1.6 4.25
63 3.76 3.41
81 1.37 8.25
105 1.36 2.46
100 0.15 7.79
106 2.04 4.56
46 1.68 2.04
86 0.21 0.08
12 2.85 7.95
44 3.73 6.17
27 2.17 7.88
56 0.59 7.01
43 3.58 3.66
4 3.41 0.69
52 1.79 7.1
104 2.07 3.48
55 0.03 8.02
79 2.42 2.88
111 2.81 1.1
66 2.56 5.93
14 3.74 0.75
47 0.79 3.72
64 3.47 6.63
69 0.18 8.46
37 3.32 5.64
59 1.67 3.51
10 1.65 8.58
20 1.41 1.64
82 3.62 0.14
88 0.55 0.19
93 3.33 7.29
16 3.05 1.75
97 1.3 6.55
92 0.99 8.75
36 0.07 7.3
72 2.5 2.2
34 1.26 7.73
87 1.06 6.25
18 1.73 7.59
74 3.52 6.95
53 2.48 1.52
73 1.51 6.07
2 3.02 1.99
90 0.69 4.36
98 1.82 2.27
28 2.19 4.6
21 0.87 7.39
19 1.61 3.39
7 2.64 1.28
26 3.39 1.17
32 1.29 4.28
103 1.24 7.51
65 0.74 1.87
13 0.35 4.31
41 1.53 3.76
23 0.25 4.07
60 3.6 8.45
78 1.2 8.3
54 3.59 3.07
11 1.95 3.47
3 3.72 8.57
77 2.4 5.66
40 1.84 8.33
68 1.97 3.12
83 0.8 2.54
67 2.57 6.74
38 2.22 0.48
48 1.89 1.85
75 3.63 2.9
76 2.63 7.74
35 3.57 6.99
95 1.66 7.91
99 2.99 0.07
112 1.78 2.78
49 1.76 8.18
89 1.27 3.13
39 1.64 6.49
51 3.77 1.69
84 2.82 6.72
25 0.13 6.29
15 1.54 4.09
8 3.23 3.78
57 2.02 5.88
33 2.59 6.23
22 0.38 5.95
70 0.62 6.91
5 1.63 7.19
80 2.8 1.78
71 1.0 5.27
62 0.01 8.65
110 1.44 1.0
6 2.3 0.9
31 2.89 4.98
58 3.08 0.27
85 3.54 5.61
108 1.31 8.01
101 2.9 2.37
45 2.87 2.19
91 1.07 4.18
102 0.48 7.27
