235
217 0.82 3.53
5 0.84 2.33
25 0.49 3.97
75 1.33 1.58
231 0.57 2.73
179 2.44 2.88
85 3.12 0.85
163 3.83 1.82
140 3.13 3.55
211 0.55 0.1
61 3.69 2.78
142 1.14 2.39
97 3.04 1.6
138 1.77 0.95
109 2.25 2.13
209 0.88 0.02
234 2.13 4.31
124 0.07 4.09
4 3.24 2.65
100 3.22 3.9
183 2.18 3.4
112 3.64 3.58
91 3.6 2.79
110 3.62 2.02
159 3.2 0.64
87 0.31 4.25
59 0.17 0.45
27 0.38 2.93
223 1.52 1.37
208 0.48 3.95
26 2.6 1.17
45 0.9 4.14
205 0.62 4.26
20 2.7 2.74
212 0.01 4.13
30 3.18 2.06
157 1.78 1.79
7 1.32 0.42
38 0.37 3.92
122 3.63 1.78
15 3.95 1.68
230 3.96 2.6
120 3.27 1.97
181 3.91 2.58
69 0.94 3.94
18 1.2 3.75
123 3.75 2.1
210 3.9 2.81
41 1.53 3.28
184 0.69 4.11
196 2.49 4.23
13 2.81 3.33
164 3.33 1.53
72 3.26 3.64
76 3.85 2.24
51 1.84 1.4
114 2.33 0.65
10 0.76 2.35
95 1.59 0.66
174 1.45 3.65
197 1.96 0.23
219 2.52 4.22
218 2.08 1.99
101 0.44 1.94
52 1.95 4.06
21 1.9 1.42
94 1.66 0.54
64 0.81 3.07
108 2.35 4.17
36 0.42 0.68
71 3.15 0.62
79 1.57 2.38
103 2.51 4.3
204 1.74 0.51
42 2.83 3.35
203 3.74 3.32
83 3.82 3.51
168 3.65 3.85
133 2.19 0.49
134 1.15 0.47
192 2.02 2.03
214 3.72 3.83
62 2.42 1.13
178 3.53 3.18
105 0.77 1.74
167 3.46 0.35
118 3.97 3.77
81 3.19 0.3
136 3.0 3.08
47 0.99 1.51
162 0.02 0.57
86 3.4 1.25
24 2.06 2.25
99 1.13 3.45
106 0.67 1.18
224 2.95 1.46
40 3.38 2.05
185 0.22 2.75
90 1.56 3.02
54 2.12 1.35
39 3.99 2.59
132 0.93 0.71
216 1.65 1.0
68 4.01 0.82
151 2.88 0.93
143 3.93 3.04
189 0.71 1.01
148 2.92 3.49
102 3.92 1.86
173 1.4 2.5
58 3.02 0.29
37 2.75 0.78
65 3.16 1.67
156 2.57 0.92
202 2.46 2.64
70 0.58 3.12
93 2.39 1.11
160 0.29 3.24
220 2.62 0.87
191 3.79 4.16
55 2.97 4.38
28 1.61 0.34
3 3.1 0.59
147 2.98 2.72
193 2.77 3.26
74 1.86 1.88
34 0.68 3.3
137 2.14 3.19
221 1.67 2.94
200 3.67 0.6
141 0.54 0.09
139 0.32 1.43
188 0.72 3.13
206 3.58 1.05
63 1.93 3.76
9 1.91 0.48
228 1.02 1.85
78 3.76 3.38
145 1.73 3.72
186 2.36 2.66
17 3.35 3.89
227 1.51 3.46
152 3.45 0.77
49 1.54 3.25
12 2.04 1.73
155 2.4 3.09
1 1.97 0.91
31 1.1 1.27
166 1.06 2.46
73 0.16 2.23
117 0.51 2.96
16 3.77 3.96
82 2.68 4.12
165 3.41 3.66
149 2.63 3.88
96 0.33 1.75
92 2.74 1.91
111 2.21 0.08
8 3.31 0.73
107 0.24 1.64
161 3.37 1.72
46 0.85 0.84
170 2.79 0.25
125 1.5 3.41
29 2.84 0.26
131 0.39 3.79
53 0.83 0.39
113 2.22 1.12
153 1.47 2.08
89 1.81 1.77
229 0.97 2.4
115 1.24 3.31
154 0.18 2.01
199 2.27 0.17
2 0.19 3.99
11 1.35 0.14
182 0.89 4.04
44 4.08 3.54
98 1.07 0.38
144 2.59 1.87
190 2.9 0.79
201 0.6 3.61
77 1.63 0.52
222 2.26 4.15
187 2.28 2.91
84 1.79 0.98
235 1.26 2.95
35 2.67 2.63
232 2.66 2.71
226 0.63 2.47
169 1.92 2.54
14 3.94 3.63
126 3.36 2.42
233 0.12 3.17
22 1.01 2.2
198 2.09 0.46
121 0.43 3.56
129 3.39 3.81
180 0.79 1.63
225 1.38 2.69
195 1.83 1.19
119 2.58 0.53
128 0.26 2.76
171 0.87 1.61
60 2.82 2.43
66 3.56 0.7
57 3.07 4.01
104 2.89 1.02
194 1.41 2.84
150 1.27 3.98
175 2.55 0.94
213 1.12 2.21
207 1.76 4.1
172 3.43 0.83
158 3.86 0.86
6 2.05 4.08
177 0.05 0.2
130 4.0 0.11
215 0.25 1.04
88 2.16 1.32
32 1.94 3.7
48 1.64 0.4
19 3.8 0.8
56 0.65 3.82
116 0.91 2.17
50 1.87 2.67
67 2.2 0.72
146 0.52 4.19
43 2.07 2.09
33 0.13 0.41
80 2.76 2.04
135 0.09 1.56
127 3.87 2.61
23 0.46 2.49
176 2.87 0.43
