436
332 1.43 1.48
388 6.94 1.68
345 3.1 4.22
189 2.16 1.95
274 6.14 3.91
191 2.03 2.64
43 4.74 3.79
32 4.9 3.58
99 2.99 1.28
288 6.9 1.01
265 4.58 3.71
375 0.23 2.85
76 2.44 2.15
181 1.14 2.75
284 3.99 1.69
159 3.14 2.54
301 6.81 3.24
12 3.12 3.86
286 6.78 0.78
390 0.99 0.08
386 5.29 0.41
428 2.35 0.93
353 1.07 2.92
93 6.61 2.06
128 1.46 2.59
396 5.24 3.26
306 1.76 2.99
413 0.74 3.52
415 1.41 0.6
104 5.33 1.2
146 2.21 0.72
47 0.33 0.42
21 3.77 0.37
257 5.5 1.08
30 5.43 2.19
91 1.91 3.82
399 7.99 3.48
289 6.04 4.29
373 3.89 1.03
432 3.88 3.9
68 8.26 1.45
291 4.17 3.69
311 1.01 0.27
73 7.63 2.53
242 6.16 1.92
381 1.61 1.64
25 8.07 2.27
341 6.46 0.76
370 3.3 0.33
113 4.87 1.43
129 2.13 0.46
42 5.98 2.01
187 1.87 1.33
261 4.65 2.95
182 8.11 3.45
126 6.82 4.28
425 7.22 4.2
144 3.64 0.59
271 3.84 0.26
350 1.2 2.57
195 6.71 3.44
310 7.35 3.41
309 0.51 1.21
114 3.67 2.79
247 4.68 4.23
67 6.19 0.03
330 7.57 1.22
358 2.75 1.99
267 4.37 2.46
66 1.05 2.71
395 1.27 1.05
172 7.94 0.57
319 1.97 0.68
193 7.26 1.3
148 1.74 4.35
154 0.08 3.89
160 3.62 3.57
190 3.53 0.07
208 3.36 3.05
300 7.23 3.31
340 7.62 3.67
234 7.85 1.02
344 2.08 2.25
436 5.74 0.75
1 3.16 3.08
262 1.31 3.98
429 3.13 4.05
192 1.71 1.07
314 7.16 0.34
221 8.04 1.96
5 4.0 3.54
400 3.52 2.97
13 0.85 0.39
167 5.2 1.87
224 8.1 0.44
35 3.54 3.49
266 3.98 3.3
259 4.94 0.15
86 6.55 0.91
198 8.19 4.04
185 5.63 3.76
92 6.31 2.47
275 3.61 3.1
3 1.56 4.03
49 3.21 3.85
426 2.97 3.99
419 1.06 3.06
204 2.34 1.73
226 4.27 3.18
6 2.33 4.31
227 1.9 3.03
80 2.02 3.16
55 6.54 1.89
285 8.12 0.05
109 5.91 2.45
51 2.11 3.66
324 2.58 2.6
52 0.84 0.65
402 0.66 3.12
359 4.76 0.35
355 6.56 2.29
222 2.36 2.41
394 7.2 2.86
166 2.56 2.61
422 4.1 1.72
403 3.59 4.12
212 6.87 4.02
379 6.24 1.63
197 2.31 3.8
327 3.43 1.24
321 6.58 2.56
263 6.5 2.3
162 7.09 2.87
39 3.75 4.26
50 7.11 3.15
9 4.33 4.08
38 5.66 3.01
206 0.04 3.27
164 2.39 1.31
116 1.69 2.04
61 1.28 0.52
115 3.72 3.07
96 7.1 1.32
297 3.35 1.75
254 0.76 0.92
216 5.81 0.32
26 6.96 1.0
334 2.23 3.62
89 0.15 2.4
130 2.74 1.55
372 5.97 0.67
161 3.66 2.7
101 4.93 1.26
88 3.93 0.45
337 6.06 4.32
121 1.7 1.38
244 7.28 1.23
64 2.69 1.67
170 6.59 0.79
280 6.79 4.06
290 0.65 3.36
53 7.03 3.33
406 0.88 0.63
307 1.19 3.28
139 5.67 0.36
420 6.13 3.92
94 0.97 1.97
391 4.53 0.73
63 7.4 1.36
335 2.96 2.91
107 1.29 2.28
98 7.3 1.82
430 3.01 0.7
225 1.45 4.19
100 0.13 1.54
45 0.35 1.51
380 5.54 2.09
118 0.87 2.88
243 1.64 0.43
211 0.02 0.84
279 1.66 0.97
69 6.03 1.86
155 1.95 0.13
318 1.48 1.44
4 7.67 0.88
237 2.63 1.94
57 4.43 2.44
54 3.97 2.12
210 4.85 3.83
325 3.65 1.77
417 5.53 1.34
65 1.79 2.03
308 3.06 2.58
140 6.33 0.23
427 1.53 0.51
339 4.28 3.7
84 6.0 2.49
331 7.8 3.59
349 0.38 4.34
179 0.22 3.37
273 7.52 1.93
122 1.36 0.56
220 5.04 2.02
283 7.93 1.79
149 2.17 0.3
196 5.36 1.58
141 2.05 4.0
412 2.79 3.56
24 5.1 1.06
87 4.38 1.74
132 7.0 3.42
111 6.17 3.77
357 3.5 2.36
329 4.97 3.63
165 6.01 1.98
110 6.11 2.24
377 0.25 0.82
343 8.22 0.19
236 1.5 3.88
37 6.07 3.38
131 4.42 0.2
232 1.67 4.18
150 2.28 4.09
423 4.31 2.39
384 2.53 0.86
205 6.6 1.18
356 3.31 3.61
299 3.28 1.61
253 2.12 3.64
293 3.76 3.6
163 6.43 3.97
199 5.38 2.89
269 3.19 2.68
95 7.66 0.61
85 3.22 2.18
378 6.26 1.7
175 7.75 1.37
77 0.82 0.98
401 6.92 1.39
151 2.3 2.08
11 5.32 0.11
186 2.7 0.74
143 2.45 0.01
313 1.78 2.38
152 8.15 0.62
287 2.25 0.87
336 1.26 3.21
105 4.19 3.34
147 0.09 1.83
360 5.12 2.43
44 0.94 4.11
316 5.07 2.78
33 5.47 1.78
133 4.84 0.77
233 2.4 1.47
240 1.15 0.14
351 1.86 3.11
138 1.73 3.75
217 4.78 3.39
294 0.91 2.63
10 2.84 4.13
292 7.17 2.07
366 4.57 1.25
136 2.55 1.5
312 6.38 0.48
354 2.0 0.04
258 8.01 1.8
235 1.44 2.81
213 8.06 0.17
371 3.11 2.96
326 0.44 1.14
416 2.72 2.77
177 4.95 4.21
169 2.77 0.99
106 1.99 3.0
219 0.34 2.98
157 1.32 3.29
34 8.21 4.15
365 8.27 2.37
168 2.04 0.09
272 7.54 2.33
362 2.81 1.17
19 4.92 2.5
56 4.69 3.87
347 7.34 2.21
135 4.07 1.04
58 3.07 2.32
383 1.96 2.14
338 7.87 3.35
268 1.68 3.81
22 6.84 0.5
156 6.8 4.16
183 7.12 1.84
368 2.22 1.85
369 3.87 0.06
16 0.14 0.58
145 6.39 2.72
282 8.14 1.57
409 3.81 3.04
36 5.88 1.46
17 0.29 2.51
431 6.05 3.43
392 5.77 2.62
270 8.09 1.19
71 7.31 0.83
251 7.9 1.52
125 2.49 0.89
194 1.6 2.66
277 4.71 3.13
252 5.62 0.31
62 7.78 3.78
389 1.42 0.66
218 7.91 4.07
367 2.93 2.84
328 3.42 0.85
180 6.3 0.1
295 2.67 1.16
48 4.66 2.8
153 3.94 2.17
397 0.06 1.13
408 2.62 1.62
158 7.7 3.09
188 0.41 0.21
387 2.73 0.69
70 6.65 2.13
97 2.68 1.91
239 0.67 3.22
2 1.62 2.94
228 7.68 3.32
245 7.89 0.8
20 3.73 1.15
200 6.62 1.41
103 0.58 0.02
315 3.51 3.84
317 5.45 2.42
18 3.71 2.55
376 3.78 4.3
102 2.1 2.69
120 1.16 0.95
296 5.8 1.49
173 7.69 4.1
41 7.71 0.71
15 3.6 1.6
29 3.56 3.25
382 0.95 2.67
238 5.03 4.36
276 2.94 0.38
72 8.28 0.22
281 6.32 3.95
404 3.02 1.71
352 4.52 2.05
78 4.81 2.23
385 4.24 4.27
304 2.19 3.5
127 6.98 3.53
142 6.47 4.14
207 4.41 3.72
112 3.4 2.35
82 7.48 3.55
241 5.06 1.4
364 7.06 1.76
215 6.35 2.52
323 3.48 2.22
74 7.41 2.1
414 5.09 1.66
27 1.18 1.65
333 0.37 3.74
214 4.72 1.56
201 6.51 0.12
421 1.22 1.11
202 4.62 3.4
137 3.68 1.12
28 0.61 2.83
83 6.63 0.53
393 7.37 0.47
348 5.18 3.14
209 3.79 1.35
203 7.74 1.9
117 0.07 1.1
60 7.07 0.16
256 7.05 4.33
184 3.27 3.51
75 5.9 0.28
342 2.92 1.88
435 6.93 0.49
305 6.77 3.02
171 1.49 3.23
134 7.92 0.9
405 4.11 3.2
31 4.39 2.34
320 5.93 3.68
255 4.25 2.0
178 2.85 1.27
411 5.4 3.47
250 4.89 0.96
260 1.72 1.29
278 1.25 0.55
249 7.59 2.11
433 3.26 0.54
361 2.86 4.25
398 1.94 2.73
424 5.68 4.24
40 6.91 2.9
46 7.56 1.59
123 0.92 4.01
418 0.5 3.19
374 0.71 1.09
407 2.83 3.46
108 7.27 1.53
230 2.64 0.29
90 2.52 0.25
410 5.69 3.73
119 5.99 3.93
434 2.41 2.76
8 8.25 1.81
229 0.28 2.31
176 0.03 2.93
14 2.59 0.94
303 4.12 0.18
264 5.34 0.4
223 6.67 1.42
174 8.0 2.65
124 4.64 3.17
59 1.3 3.65
363 5.16 4.17
81 2.42 2.82
246 1.21 0.64
322 0.42 0.81
7 6.75 2.2
248 2.32 2.26
298 4.83 2.16
346 1.84 0.24
23 4.98 3.96
79 7.88 3.94
231 0.17 2.74
302 6.99 2.48
