69
10 2.96 2.64
11 2.34 5.04
43 2.31 3.75
36 1.65 2.83
45 2.61 3.07
19 1.97 3.52
23 0.1 0.83
69 2.39 3.06
21 5.87 4.22
34 6.29 1.43
16 3.41 5.32
25 2.82 3.3
53 3.16 2.3
14 4.13 2.25
57 5.86 2.47
4 0.26 0.75
17 0.2 2.6
39 0.63 3.73
6 3.45 2.39
1 2.66 1.85
18 1.14 3.84
24 1.47 3.78
52 3.78 2.21
9 5.42 5.54
20 5.22 4.05
7 4.96 2.05
55 2.54 5.11
41 6.21 3.0
22 6.88 5.44
35 0.07 4.52
50 0.87 5.27
28 3.6 4.17
61 1.27 5.53
31 1.73 0.3
15 5.71 5.87
68 6.16 1.61
58 0.9 1.62
63 3.01 0.22
3 4.85 4.26
29 3.21 1.13
60 5.93 1.06
5 6.07 4.15
65 3.79 1.87
49 3.37 2.36
46 5.13 2.13
42 0.28 5.55
30 6.14 3.23
54 5.38 3.97
48 6.82 5.72
40 5.57 1.42
38 4.7 5.91
33 6.15 1.1
56 4.87 1.26
44 3.0 4.55
62 4.78 2.11
13 0.64 0.7
27 4.03 4.35
37 5.6 5.59
59 0.59 1.15
51 5.79 5.42
26 2.07 2.76
32 5.48 1.07
66 0.65 4.81
47 1.34 5.05
8 4.62 3.31
64 0.47 4.92
12 2.88 1.38
2 2.91 1.28
67 0.85 5.16
