185
103 6.89 1.47
125 0.88 8.72
15 1.81 1.58
159 0.64 0.84
39 2.95 3.04
85 2.03 8.5
160 5.72 5.58
53 6.66 2.39
101 2.4 6.48
62 2.42 5.47
34 1.78 2.53
30 6.8 0.88
158 5.92 6.88
157 1.58 8.46
106 6.99 0.85
91 0.35 7.39
22 1.72 7.94
107 1.44 5.05
136 0.6 0.14
115 4.29 1.49
77 1.86 6.63
128 5.11 5.31
72 2.47 5.61
32 3.19 3.26
147 5.87 8.77
183 3.8 2.96
129 5.24 6.53
14 5.7 0.21
102 6.46 6.46
74 4.54 2.1
134 6.08 0.55
121 2.08 0.64
120 0.37 0.72
64 4.57 3.39
123 5.73 3.19
37 1.35 6.6
10 6.96 8.17
55 0.55 7.06
12 1.7 4.83
151 0.47 8.05
148 4.93 5.83
179 5.34 1.33
29 0.69 7.79
119 6.49 7.12
156 0.27 6.64
97 3.17 1.59
178 6.78 4.52
81 1.87 6.15
2 2.41 3.8
69 6.52 2.78
40 6.92 0.4
168 0.94 4.17
161 0.14 2.88
94 4.67 4.92
104 0.61 0.43
21 2.06 8.06
141 3.91 8.38
79 2.86 3.83
63 0.24 1.31
185 6.44 8.76
31 3.36 3.95
44 4.14 2.37
166 5.77 5.07
27 2.46 5.59
98 3.88 2.95
61 1.94 5.19
20 0.58 8.1
25 4.35 0.6
38 2.75 5.54
126 3.61 4.34
56 2.71 8.93
143 6.09 5.88
171 2.45 0.62
169 1.33 2.65
46 5.59 4.43
173 0.3 2.63
135 4.83 2.2
133 7.05 1.41
84 2.23 3.49
52 2.62 4.55
5 7.1 0.45
170 4.12 4.0
76 4.09 5.11
67 0.95 2.75
59 5.66 2.47
75 4.85 1.08
131 4.53 7.18
124 1.63 8.47
153 2.49 3.85
19 1.21 0.03
150 6.85 9.06
184 6.18 4.11
54 4.15 7.28
137 7.06 8.16
162 0.06 5.25
175 3.43 8.42
82 2.2 3.31
43 3.97 7.76
35 3.3 4.75
71 3.65 3.0
78 6.47 8.49
45 4.49 5.57
58 0.83 6.89
11 6.33 5.79
57 6.24 6.73
112 1.31 2.98
83 6.93 7.25
86 3.83 5.56
117 5.43 9.02
154 7.07 2.08
95 5.42 8.02
118 3.41 5.02
89 3.69 5.7
42 0.08 1.52
132 2.39 6.65
23 6.56 6.9
176 6.0 7.52
68 3.94 0.5
163 3.02 5.41
36 7.08 2.77
26 2.26 4.33
6 1.52 4.95
174 4.02 6.76
7 3.21 6.4
172 4.98 5.4
140 0.48 0.67
152 6.83 3.82
122 5.15 4.16
139 6.77 4.09
145 3.95 7.44
181 4.03 4.32
50 2.92 6.67
96 1.3 7.68
16 2.24 3.2
127 3.1 0.57
144 2.34 3.66
87 3.55 1.04
93 6.51 4.49
88 5.82 4.66
24 1.84 3.16
3 2.3 3.59
142 2.52 7.29
92 6.22 0.32
109 2.87 2.9
138 4.84 4.97
60 1.12 3.35
100 2.64 5.33
116 6.39 7.59
114 4.92 0.15
73 0.43 7.75
130 3.74 6.69
47 4.69 1.78
51 5.07 1.48
111 0.2 5.3
49 3.27 7.41
48 5.94 7.3
33 5.06 5.92
164 3.63 5.51
8 0.56 1.67
1 2.32 5.06
105 4.45 4.29
108 4.8 2.22
66 0.99 3.36
149 0.49 1.88
17 4.16 7.4
167 3.15 6.06
182 3.16 7.17
41 5.47 8.7
99 2.48 2.05
180 0.97 8.99
90 6.62 8.01
9 4.46 7.62
4 2.29 2.48
146 6.79 0.52
65 0.23 4.2
155 0.92 0.26
70 0.13 5.13
165 0.5 1.98
13 2.91 0.97
177 1.23 6.71
110 0.51 4.08
80 3.92 7.5
113 5.96 6.66
28 0.28 8.18
18 3.38 6.04
