132
97 0.94 0.07
87 0.8 5.17
105 0.03 5.53
132 1.01 4.46
36 0.19 2.31
40 0.68 3.38
22 0.52 0.38
41 0.69 4.66
130 0.98 1.21
96 0.15 4.97
56 0.47 5.54
53 0.63 7.4
122 0.37 7.06
30 0.76 1.45
72 1.02 1.6
79 0.5 7.24
120 0.05 0.24
3 1.17 0.27
13 0.39 3.21
84 0.29 6.51
102 1.14 2.78
109 0.95 2.28
23 0.09 1.24
118 0.72 5.49
66 0.42 3.75
76 0.38 0.03
101 1.2 0.83
16 0.91 6.69
78 0.31 6.31
107 1.04 7.03
43 1.28 3.96
60 0.6 2.55
59 0.44 1.01
26 0.35 3.23
5 0.96 6.9
8 0.71 6.63
68 0.64 6.84
7 0.58 2.39
80 0.02 2.98
121 1.11 7.11
46 0.92 4.2
93 0.46 5.24
50 0.67 2.4
124 0.56 4.64
123 1.29 0.29
62 0.66 1.73
9 1.07 5.64
73 0.14 2.32
51 0.82 2.26
34 0.87 1.91
115 1.21 2.24
67 0.22 6.5
37 0.88 1.39
75 1.0 0.91
61 0.97 0.02
103 0.32 3.07
44 0.74 1.96
24 1.19 2.51
116 0.7 6.36
55 0.06 5.36
20 1.08 3.43
15 0.93 5.81
126 1.26 7.34
1 1.03 5.16
14 0.55 0.75
117 1.05 3.5
69 0.86 1.17
28 0.48 4.94
88 0.34 6.73
129 0.78 1.16
31 0.43 0.2
48 0.12 4.45
85 0.59 4.3
33 1.32 0.99
125 1.22 5.46
114 1.31 1.89
108 0.84 7.45
27 0.57 5.29
99 0.3 5.39
131 0.89 0.46
65 0.01 7.22
25 0.62 3.51
119 1.24 4.68
92 0.53 6.57
42 0.25 5.33
82 0.07 3.87
112 0.61 7.09
89 1.15 5.31
70 0.26 4.12
86 0.23 3.95
39 0.99 3.9
35 0.79 4.0
57 0.83 5.25
10 0.41 4.95
106 0.85 3.86
38 0.11 3.48
64 0.27 6.14
100 0.17 4.83
52 0.2 0.57
32 1.18 0.86
74 1.3 4.8
47 1.25 1.5
11 0.9 1.36
104 1.09 0.37
63 1.13 6.16
21 0.81 0.12
83 0.54 0.65
17 0.49 2.81
12 0.16 4.28
94 1.16 0.56
18 0.4 3.36
54 1.06 3.0
111 0.65 2.15
4 0.75 5.58
71 0.18 5.41
98 1.23 5.93
6 0.45 4.86
49 0.04 4.69
45 0.28 6.23
95 0.33 6.26
77 1.27 6.86
2 0.51 6.42
81 0.77 6.11
110 1.1 6.37
19 0.73 1.55
91 0.21 0.47
29 0.1 3.02
113 1.12 7.55
127 0.13 0.34
128 0.24 3.06
58 0.36 4.57
90 0.08 1.33
