287
95 3.15 3.35
72 2.6 2.52
114 4.03 2.57
219 0.37 1.34
200 3.01 1.75
160 3.69 2.6
231 2.43 0.75
59 2.78 2.41
262 1.8 2.07
82 4.27 0.44
10 4.04 3.61
33 3.53 3.98
46 3.85 4.13
50 1.39 0.58
186 4.12 1.8
62 3.46 2.99
129 3.12 4.66
6 0.65 4.1
70 1.56 3.63
48 3.92 1.48
105 0.31 2.55
83 0.33 2.75
4 4.32 3.46
235 2.63 1.51
214 3.78 4.03
117 3.62 1.27
74 0.76 3.89
198 3.26 3.91
135 2.72 3.94
179 3.88 2.43
128 3.13 1.0
242 2.65 3.83
115 0.27 0.87
181 1.61 3.86
239 0.24 0.11
22 0.71 3.32
84 1.53 3.71
147 1.31 3.9
51 2.95 4.44
256 3.02 0.17
170 0.5 1.02
263 2.59 4.59
229 1.22 0.5
183 2.17 3.19
127 0.91 2.49
178 0.34 3.48
138 2.45 0.6
234 2.08 2.5
79 3.76 0.59
112 0.05 0.22
212 3.89 1.88
281 4.29 2.4
251 3.97 4.86
264 2.15 4.54
71 2.46 4.32
194 1.81 0.16
94 0.3 1.71
18 4.01 1.17
276 0.44 2.79
207 2.35 3.39
270 3.41 1.18
69 4.2 1.44
141 0.78 1.09
97 1.25 2.11
56 1.86 4.72
107 1.06 0.42
161 2.75 4.45
206 0.69 2.36
92 0.85 4.27
78 1.85 1.21
140 3.23 4.65
121 2.5 0.52
64 0.04 4.42
266 3.32 4.84
119 1.92 1.77
222 0.4 1.83
116 1.16 1.68
284 2.16 3.41
16 0.13 3.01
134 1.35 1.36
252 2.55 2.03
228 1.26 5.14
14 4.39 0.86
91 3.59 0.77
142 1.67 4.08
274 0.29 3.26
40 0.62 3.37
215 3.61 2.25
8 2.74 3.8
285 0.68 1.35
86 1.32 0.76
133 1.96 0.62
209 0.9 3.09
247 0.49 3.16
210 1.74 1.79
145 3.19 1.56
150 3.52 4.74
195 0.75 0.41
267 3.38 2.09
63 2.34 2.01
139 2.83 1.98
101 2.01 3.38
168 3.9 0.63
250 1.38 3.34
273 2.57 3.87
118 1.93 0.02
223 0.23 0.05
245 4.38 2.59
52 3.81 5.04
199 1.13 5.02
185 3.87 3.54
238 2.09 1.11
225 2.77 0.24
73 0.61 2.31
137 0.39 1.53
2 0.46 1.29
68 0.07 1.59
25 0.74 0.92
36 4.25 0.97
164 2.3 2.51
108 1.14 0.51
77 3.43 3.5
211 1.2 5.01
96 2.06 0.39
216 1.99 3.79
126 2.03 4.75
21 1.01 2.77
236 3.7 2.95
220 3.18 3.65
187 0.92 4.05
102 3.77 2.08
173 3.05 4.57
39 3.71 2.47
227 3.16 3.58
35 0.35 4.38
224 1.97 1.32
113 0.59 0.13
80 2.24 5.13
130 4.0 1.49
167 2.69 3.64
143 3.91 0.28
189 3.86 1.97
217 1.46 3.13
243 3.6 4.99
13 3.31 4.19
60 2.68 1.26
67 1.88 4.17
148 0.16 2.62
265 2.61 4.6
230 4.17 1.74
131 3.83 3.53
41 2.73 0.09
55 1.68 3.43
58 0.81 0.96
93 0.17 4.12
286 2.51 1.57
15 3.55 0.64
66 2.12 3.49
278 2.2 0.84
111 0.96 2.19
169 0.32 2.13
85 2.88 0.35
204 1.19 4.01
218 1.05 3.74
124 2.79 2.32
65 0.79 3.51
269 1.5 1.63
34 3.74 5.12
255 2.25 2.82
190 1.27 3.67
177 3.5 2.98
253 0.73 3.59
88 3.49 1.65
174 1.42 2.91
272 3.44 1.1
280 0.97 2.86
196 1.71 2.78
202 1.04 1.82
258 1.51 2.28
109 0.41 0.82
191 0.01 3.56
28 0.26 3.47
32 0.7 4.97
165 0.53 1.72
240 3.47 4.9
283 0.99 5.07
38 1.44 4.5
257 1.7 1.31
49 1.4 4.3
99 2.28 3.24
151 2.27 3.75
19 3.24 3.25
1 1.58 4.67
136 1.73 4.92
157 3.64 1.95
3 1.37 2.15
162 1.52 3.42
132 2.14 0.07
27 3.04 1.03
158 1.47 4.02
37 0.03 4.62
61 2.36 1.13
57 2.82 2.7
287 0.09 1.28
180 3.82 5.05
213 3.42 3.03
24 1.28 3.17
30 0.56 0.83
184 3.21 4.87
197 4.34 3.66
166 1.66 2.24
29 2.67 4.83
9 2.99 1.66
31 3.66 0.81
203 0.6 3.84
120 2.48 4.88
144 1.17 0.23
248 4.05 3.36
152 3.79 0.85
100 3.11 2.64
90 3.67 3.4
43 1.18 3.52
81 3.06 2.48
277 0.93 4.56
201 2.56 0.45
153 2.49 0.06
261 3.48 1.3
87 3.36 1.47
75 2.13 0.4
182 4.35 3.1
159 3.1 4.95
76 2.02 0.19
237 4.41 5.03
106 3.2 1.94
89 3.4 4.2
241 2.37 4.82
23 2.44 0.54
20 2.0 4.53
221 4.24 0.74
208 2.04 2.44
163 3.94 4.52
44 0.1 0.94
172 2.41 4.14
232 2.92 1.89
193 4.22 3.44
103 3.27 4.24
125 3.33 2.74
17 0.98 5.16
42 2.85 1.39
249 4.3 2.92
176 4.44 1.85
275 1.34 0.26
192 1.57 3.15
282 1.64 0.78
226 3.29 2.39
47 3.72 4.04
205 2.66 4.43
155 2.29 0.71
45 2.8 1.06
123 1.36 0.34
171 1.98 1.38
53 1.78 3.04
268 4.07 3.95
259 4.31 0.93
271 3.03 0.33
175 1.21 4.98
246 2.86 5.09
26 2.32 4.4
188 3.0 3.12
146 0.72 1.58
244 0.89 1.22
104 0.47 2.45
7 0.63 5.18
98 2.71 3.62
149 0.38 0.25
260 2.07 1.99
54 1.08 1.52
233 1.07 2.2
156 0.14 1.91
5 3.98 4.58
12 4.37 4.81
122 2.9 0.18
154 2.97 3.22
11 0.08 2.53
110 2.81 2.71
254 3.95 0.89
279 4.33 2.3
