335
136 0.05 1.77
57 1.04 1.31
319 0.07 0.57
325 0.59 0.63
79 3.25 3.15
182 3.17 2.43
91 2.07 1.91
259 3.31 0.93
4 1.87 2.68
233 0.87 1.22
227 1.71 0.23
28 0.66 2.99
104 2.74 1.44
222 1.54 1.27
156 0.02 2.55
216 3.01 1.95
312 3.29 0.4
160 3.19 0.03
266 2.02 2.87
107 1.02 0.62
118 3.03 2.6
267 2.01 1.63
45 0.8 3.18
229 2.18 0.36
281 1.27 1.04
248 0.98 2.15
249 2.71 1.5
258 2.3 0.61
295 1.1 1.98
315 1.51 1.4
113 2.9 2.49
116 2.89 2.53
187 0.19 1.26
148 2.14 3.22
61 0.4 2.01
17 3.1 1.84
111 2.41 2.32
280 0.14 2.54
279 0.28 0.78
108 1.98 2.64
69 3.07 3.08
8 3.27 2.75
35 1.59 2.0
287 0.77 2.86
220 1.18 2.04
78 3.06 2.33
283 0.6 1.17
129 1.42 1.45
234 1.14 0.53
145 0.09 2.19
332 1.75 1.71
75 2.38 1.47
71 2.98 3.21
214 2.96 2.23
158 3.09 2.29
202 1.91 1.76
316 0.78 0.9
105 0.17 0.73
195 1.9 1.36
271 0.65 2.22
36 2.16 0.26
126 2.22 0.69
59 1.19 1.8
90 2.31 3.24
139 0.62 0.02
38 1.72 1.56
251 3.12 0.28
223 1.24 0.59
313 0.67 2.79
33 3.35 3.27
302 0.68 0.99
305 2.78 3.19
183 2.66 0.11
331 2.43 1.88
88 1.41 3.33
321 0.29 1.01
173 1.45 1.15
103 1.17 2.05
335 3.14 2.18
85 2.72 1.09
221 2.76 2.11
185 0.57 1.9
147 1.34 0.56
326 0.18 0.47
297 0.85 0.24
47 1.88 1.12
93 1.21 2.07
94 2.54 2.78
285 0.7 0.39
41 2.46 2.94
301 1.33 0.13
56 2.28 0.83
97 3.04 1.3
252 0.93 2.41
68 1.39 1.55
180 2.95 1.0
165 0.41 2.4
237 2.75 1.66
83 0.21 2.03
238 0.44 1.06
21 3.0 2.21
49 0.94 0.7
102 2.44 0.75
99 1.55 0.54
247 2.79 0.65
92 3.24 0.12
260 0.49 2.93
150 0.45 1.19
123 1.12 2.5
309 0.12 3.26
200 0.99 2.92
241 3.34 2.91
327 2.82 3.17
58 0.35 1.43
89 1.85 3.23
212 0.86 0.2
209 1.25 1.65
278 1.93 0.16
51 1.49 2.1
177 0.89 3.2
176 2.36 3.09
308 0.01 0.84
276 1.52 3.28
25 0.22 1.67
9 1.77 0.88
181 1.3 1.35
110 0.46 2.14
333 0.15 0.1
261 1.32 3.35
152 2.35 1.18
23 2.24 0.68
236 2.45 2.56
24 2.23 0.33
81 1.73 0.45
164 0.38 1.94
82 0.08 1.02
275 0.1 2.9
199 0.04 1.78
60 2.68 1.34
172 2.1 2.63
207 0.27 0.21
210 1.67 2.27
244 3.26 1.68
22 1.95 1.74
27 0.16 0.89
293 2.33 2.88
189 0.64 3.01
53 0.53 2.42
64 2.15 1.29
268 0.31 1.52
178 2.57 1.51
272 1.07 1.05
95 0.72 0.52
50 1.2 2.83
320 0.63 0.94
277 2.81 2.52
87 1.05 0.55
66 3.11 0.77
46 1.81 1.03
257 2.2 0.01
205 2.06 1.72
134 1.84 1.38
77 1.47 3.02
144 1.8 0.42
226 0.5 0.37
106 1.16 0.92
188 0.73 1.82
163 1.83 2.36
318 2.69 1.6
230 0.76 2.44
217 3.21 2.7
1 0.55 2.47
263 2.86 2.39
240 2.0 2.77
254 0.13 2.66
179 2.84 1.75
286 2.63 0.17
114 2.17 2.24
135 1.15 3.32
157 1.94 0.34
18 2.21 0.32
282 2.48 2.35
128 1.99 1.23
228 1.89 2.57
304 1.06 1.1
291 2.19 2.95
117 2.03 1.59
140 0.92 0.85
100 0.51 2.8
124 0.82 0.81
269 3.18 0.74
245 0.26 0.05
112 2.12 0.35
132 0.06 0.76
63 1.63 2.59
288 3.33 2.37
330 0.33 2.58
5 1.64 1.25
119 2.62 2.71
215 2.13 1.24
310 3.02 1.96
329 0.69 2.02
125 3.15 0.5
122 1.57 2.65
239 0.23 0.97
294 3.28 3.16
159 3.32 0.98
242 2.25 0.19
262 1.6 1.37
131 2.27 1.33
6 0.9 0.31
40 2.67 0.91
300 0.36 2.17
48 1.74 3.04
43 0.42 2.3
130 1.36 1.64
218 2.59 0.96
197 2.8 1.16
170 0.3 1.73
44 1.0 0.08
243 0.56 1.46
146 2.52 1.2
62 1.58 2.61
84 2.4 0.72
171 0.43 1.32
201 0.95 2.25
98 1.5 2.09
141 2.93 1.79
232 2.5 0.86
121 1.23 3.1
264 2.83 1.07
20 0.71 2.12
73 0.48 2.48
290 1.35 2.89
143 1.86 0.58
194 2.92 0.49
70 0.96 0.38
11 2.61 3.05
274 2.11 0.41
235 2.49 2.62
231 1.22 2.76
72 2.97 1.92
34 0.03 1.83
7 2.88 2.67
253 2.58 2.97
13 2.53 1.11
142 1.61 1.49
12 3.16 0.79
149 0.2 2.45
328 2.73 3.12
307 2.09 0.25
270 2.85 2.98
322 2.29 2.31
96 1.53 3.11
138 1.68 0.48
14 2.55 3.07
55 0.58 0.3
298 1.46 2.81
246 3.13 0.66
204 0.37 0.14
115 0.75 0.29
174 3.22 3.34
192 0.11 3.29
273 1.44 2.73
39 2.32 1.99
256 1.28 0.82
213 2.65 1.69
120 1.65 0.44
175 0.83 1.62
193 2.87 2.82
203 1.82 1.81
224 0.32 1.97
198 0.91 0.18
155 2.42 0.06
86 1.56 3.14
225 1.78 0.27
250 2.05 2.96
265 0.34 1.53
289 3.05 1.57
42 2.94 2.38
334 2.34 3.03
32 2.91 1.08
299 1.79 1.48
137 2.51 1.41
219 3.08 2.69
323 0.24 0.46
16 1.43 0.43
191 2.99 1.14
15 1.62 1.85
19 0.88 0.6
292 0.97 0.95
206 2.6 1.13
67 1.96 2.72
169 0.84 0.87
154 1.01 3.31
284 0.81 2.51
306 0.61 0.07
196 1.7 2.26
133 2.26 1.89
29 3.23 1.21
162 1.13 0.51
166 1.31 0.67
80 1.48 2.74
109 3.3 0.15
127 1.29 1.54
161 2.47 0.8
37 0.47 0.71
54 1.37 0.04
151 1.4 3.06
208 2.77 2.08
324 2.64 2.28
10 1.66 1.58
311 1.26 1.87
168 3.2 2.06
74 2.7 3.25
2 1.08 2.46
255 1.09 2.2
184 1.76 3.13
296 0.54 1.28
186 2.56 1.42
65 1.11 2.16
314 1.92 1.61
3 2.08 1.93
317 1.03 2.84
167 0.52 3.0
76 2.37 2.34
190 0.74 1.86
211 2.39 0.22
153 1.38 1.7
26 2.04 3.3
101 0.39 2.85
30 1.69 0.09
52 1.97 1.39
31 0.79 2.13
303 0.25 0.64
