87
25 3.73 0.39
38 4.37 0.17
65 3.11 2.22
39 0.5 0.78
54 2.32 1.88
84 0.29 3.72
9 1.52 0.42
24 0.73 1.61
62 4.8 2.66
67 3.78 2.2
16 4.4 0.2
10 1.92 3.78
21 3.99 3.35
74 3.01 1.4
22 4.75 0.76
57 1.61 3.32
63 3.33 0.67
87 3.02 0.18
7 0.85 1.11
15 5.31 0.16
71 0.46 2.87
34 3.79 0.58
3 0.68 3.64
45 5.04 3.38
28 1.5 0.82
35 2.9 3.05
44 2.37 2.36
5 4.26 1.84
70 1.75 2.86
37 1.4 0.65
36 3.28 1.39
59 1.69 0.47
58 4.68 0.48
2 3.06 3.8
72 1.27 1.97
78 4.28 1.52
66 4.86 3.56
82 0.72 2.81
80 4.04 2.53
8 0.7 3.44
55 0.22 3.07
51 2.47 1.6
32 4.41 3.65
33 4.13 3.6
64 1.37 1.0
27 0.12 2.61
46 2.13 1.83
49 5.0 1.5
18 2.28 2.56
86 2.93 0.64
76 0.45 1.18
23 3.87 1.43
73 0.78 2.94
1 1.55 1.2
26 2.31 0.13
85 1.94 1.31
41 0.99 0.19
11 0.63 3.04
61 4.69 2.59
43 2.36 0.81
75 2.97 2.57
47 1.41 2.27
79 4.03 1.33
83 1.18 0.25
50 0.76 3.54
12 5.34 1.96
48 3.05 1.49
17 0.26 3.17
30 0.71 1.19
56 0.25 3.12
40 1.16 0.51
81 0.03 0.22
68 0.16 1.3
29 0.77 0.23
69 1.14 1.21
52 0.75 1.76
20 1.34 1.58
6 3.81 0.08
19 1.93 3.09
53 2.96 1.06
42 5.13 2.62
14 3.44 1.77
77 2.91 0.12
60 0.81 2.42
31 3.34 1.53
13 2.54 1.01
4 4.58 0.28
