500
141 0.85 3.57
155 5.84 9.23
88 1.86 2.3
190 0.17 7.16
449 3.94 3.02
344 5.3 9.27
249 5.05 8.31
266 5.38 4.24
231 2.63 2.74
50 3.51 1.8
341 2.12 5.9
336 5.18 5.27
437 2.29 3.46
67 5.91 0.76
113 0.67 2.51
157 0.77 8.32
166 2.2 7.04
16 0.8 8.55
224 1.81 1.51
420 4.88 7.88
423 2.47 1.92
95 0.25 2.63
194 0.74 1.89
181 3.74 7.91
459 1.05 7.74
303 4.89 0.74
317 3.27 0.77
307 3.05 6.69
263 3.91 7.58
81 3.76 5.95
371 2.64 0.72
40 1.0 2.11
62 1.92 7.34
193 2.25 8.8
445 1.25 2.98
4 1.88 8.6
147 1.56 4.53
432 1.5 2.31
386 4.46 4.0
400 3.0 8.99
14 1.08 1.79
42 1.32 7.08
64 2.0 2.82
342 2.67 3.83
406 4.03 3.75
74 1.2 6.32
454 5.16 8.72
165 5.66 0.27
25 4.74 8.13
447 2.42 1.82
319 3.29 0.58
78 1.06 6.95
230 5.42 4.41
345 5.72 3.53
213 1.55 0.25
192 2.5 6.17
460 2.92 8.91
349 3.67 4.47
93 5.83 0.45
112 2.34 1.88
148 2.17 8.09
209 4.85 2.83
250 2.58 5.03
202 0.99 0.21
359 3.1 2.86
488 0.47 4.93
322 3.37 5.35
259 2.82 0.83
493 0.02 3.29
368 4.05 4.63
57 3.45 6.5
411 2.94 1.3
430 4.58 8.19
63 4.32 7.1
53 4.1 7.46
426 2.26 8.41
189 5.32 3.99
315 1.17 6.6
199 2.46 4.77
122 0.24 5.37
160 4.53 2.85
129 1.68 8.27
251 3.71 3.72
351 0.9 0.84
49 2.89 3.7
22 4.6 5.76
272 3.4 3.6
283 4.2 0.96
468 3.23 4.33
218 0.49 0.73
33 0.75 3.82
11 1.65 3.2
217 2.21 2.34
365 5.79 5.86
461 5.77 1.7
287 3.9 3.69
158 5.78 6.18
464 3.61 1.09
392 0.76 2.35
326 0.82 0.4
433 2.91 8.78
346 4.43 7.12
216 3.63 7.51
120 0.48 5.11
354 5.7 2.06
222 3.87 0.31
429 1.12 8.85
292 3.75 6.58
205 0.53 0.26
35 4.3 5.36
228 1.46 7.23
325 4.11 7.44
418 0.32 3.12
442 4.8 7.32
441 0.3 6.27
111 3.89 2.61
179 0.96 7.84
299 4.15 4.1
390 5.12 3.38
38 2.07 9.21
187 4.63 1.1
306 1.01 9.24
388 0.87 3.41
30 2.38 3.58
419 0.72 4.6
333 0.86 8.51
281 0.1 0.24
242 5.35 6.46
174 2.01 2.41
446 2.72 4.78
476 3.3 3.4
39 4.42 4.97
139 3.02 3.73
103 4.19 7.59
347 2.74 6.88
485 0.22 2.02
399 2.35 4.17
381 0.4 2.43
384 2.66 3.1
215 2.75 2.97
142 1.45 0.41
211 5.09 2.17
108 5.43 9.16
396 4.84 8.18
473 5.8 0.88
369 3.28 8.36
18 4.4 2.59
466 2.31 7.99
294 2.51 0.9
270 0.44 7.41
290 2.98 3.67
75 4.55 3.51
170 0.71 6.13
261 4.94 4.39
82 4.27 5.8
470 3.81 0.16
208 3.32 6.52
145 4.91 3.03
378 1.51 4.61
305 0.83 0.69
393 4.59 0.65
153 4.23 3.65
176 2.79 8.86
55 4.34 7.7
116 3.34 1.41
163 2.08 3.64
196 0.54 1.73
279 1.48 8.16
130 0.79 5.89
339 3.33 0.64
229 4.45 8.1
438 5.5 2.08
277 0.16 8.12
482 4.9 1.07
232 2.33 2.95
135 2.95 8.5
408 1.11 3.19
310 4.56 0.81
106 5.62 5.12
246 0.51 6.26
21 2.69 2.53
451 3.31 8.43
280 3.18 6.0
159 0.93 3.54
380 4.69 8.58
413 2.22 3.5
71 2.44 5.2
60 3.49 2.03
414 5.51 5.83
289 1.36 5.51
43 1.73 4.14
357 5.82 2.54
462 1.29 2.72
175 2.65 1.12
85 4.36 3.8
31 0.88 0.02
496 5.73 6.22
271 2.36 2.29
316 3.92 7.8
377 5.39 0.19
9 1.84 9.08
308 2.96 9.04
59 2.15 5.25
178 4.39 8.02
268 4.21 5.24
284 1.04 1.15
463 0.92 8.92
237 0.56 5.77
323 2.59 4.91
358 2.52 2.79
125 1.37 7.01
255 0.95 1.4
364 5.21 2.93
119 3.14 1.71
479 4.17 6.01
180 4.72 6.48
498 2.88 5.6
265 1.75 4.3
182 4.41 3.24
456 4.01 2.99
499 4.13 3.74
27 0.7 8.76
332 5.14 3.17
360 4.5 0.33
395 3.65 2.96
76 5.22 7.85
361 0.2 2.62
210 0.08 7.06
295 0.31 1.26
91 3.13 1.83
318 0.37 2.01
301 3.25 1.47
254 0.52 2.2
260 4.16 3.31
304 1.19 4.07
191 5.49 3.56
134 3.09 6.87
69 2.68 8.71
366 5.61 9.01
389 4.04 7.13
410 0.05 5.85
312 1.85 5.44
483 0.68 9.19
352 2.76 6.73
376 1.43 6.11
173 5.47 5.45
133 3.08 1.52
96 2.04 5.7
164 1.49 1.33
171 5.37 3.21
168 5.01 4.01
478 5.34 0.7
407 0.11 5.53
394 5.89 2.57
500 1.03 0.67
20 4.66 6.34
186 3.26 6.08
480 1.52 6.3
475 0.55 6.65
115 3.56 4.84
427 3.41 8.63
94 4.14 4.26
235 0.64 1.67
241 1.74 8.42
262 1.57 1.02
329 5.29 2.49
398 3.84 4.12
70 4.48 0.42
296 3.43 1.24
86 2.97 1.31
337 1.76 3.79
102 5.4 2.44
487 3.73 8.9
258 0.26 0.8
465 1.07 1.61
109 0.07 6.63
490 3.15 5.65
286 5.71 3.05
273 1.26 6.04
197 1.67 3.78
477 1.7 4.46
172 5.02 2.67
89 2.8 1.46
313 4.18 6.53
373 1.54 3.61
118 3.24 8.48
440 4.62 7.69
219 4.29 2.64
204 2.77 8.25
58 5.44 1.14
374 4.65 6.12
1 5.27 8.07
282 5.03 0.46
431 3.69 7.54
424 1.13 3.27
51 3.36 1.69
439 4.64 1.45
484 3.01 6.42
13 4.73 6.44
79 1.77 4.06
350 1.8 2.25
87 4.31 6.99
98 0.03 5.59
243 5.19 0.48
128 4.24 6.7
207 4.26 4.8
363 2.37 4.52
311 0.33 2.75
177 0.6 7.35
238 4.54 6.37
334 4.86 5.5
124 4.98 1.91
379 4.99 5.13
421 2.13 0.49
276 4.75 3.0
275 1.39 1.64
422 3.58 8.15
278 1.94 3.33
161 4.77 9.06
45 4.09 8.21
457 0.89 6.1
321 5.08 7.89
104 3.97 5.62
61 5.64 9.25
17 0.57 4.4
167 1.33 4.74
41 2.86 0.82
162 4.79 8.01
121 5.86 2.4
29 1.64 2.37
409 0.28 8.89
154 4.71 3.77
201 2.4 2.0
402 0.14 1.97
458 4.07 6.84
425 3.03 5.32
434 3.88 8.62
370 1.78 3.13
132 4.57 7.94
239 2.28 2.88
84 3.38 7.77
221 2.48 0.14
383 2.49 3.35
355 3.8 0.03
405 4.82 7.4
184 1.35 3.48
80 2.93 5.92
455 1.42 1.56
140 5.68 0.1
99 5.52 6.76
491 4.02 3.71
150 2.56 3.34
110 0.27 5.72
200 5.25 7.17
26 2.55 0.2
236 3.62 0.56
452 3.72 6.2
248 4.61 5.16
48 0.42 2.92
214 3.44 5.43
314 5.26 2.16
309 5.75 0.79
220 5.33 6.23
417 4.87 7.75
77 4.78 0.06
225 5.65 4.23
92 0.29 1.75
146 0.91 0.3
12 0.62 8.44
143 5.87 2.42
23 5.13 6.35
73 3.52 8.68
267 1.89 3.01
264 5.59 9.03
291 2.6 3.59
52 2.81 2.47
105 3.99 8.56
46 1.98 7.15
448 4.49 7.29
372 0.18 8.35
19 2.3 1.98
362 3.21 8.65
151 3.66 8.93
8 1.91 0.23
302 0.78 8.77
327 0.59 3.08
24 4.7 4.98
297 1.3 2.28
416 5.6 6.78
227 4.52 2.13
397 2.06 6.56
47 1.38 3.22
131 5.46 7.0
68 2.03 6.77
169 1.21 0.86
5 5.07 3.81
274 4.93 1.48
328 0.21 3.87
6 3.04 2.71
149 2.7 0.71
223 3.53 2.87
340 0.39 8.53
240 3.86 7.31
10 4.22 1.27
257 5.74 2.46
3 3.57 7.72
469 3.85 5.17
101 1.1 7.92
253 1.69 5.81
185 0.73 6.24
450 3.19 3.47
188 5.57 7.5
114 5.17 7.67
28 3.77 5.01
126 2.1 3.06
436 2.71 1.5
387 3.83 1.28
136 2.87 1.76
331 1.99 0.95
472 0.98 8.73
66 2.85 3.94
138 0.38 5.28
195 1.4 9.17
2 1.95 8.79
32 3.12 3.39
244 4.12 1.36
443 4.28 2.7
467 4.25 2.58
127 2.61 2.27
320 2.73 7.11
435 5.81 3.66
489 2.83 4.87
494 3.64 4.34
36 0.19 8.95
481 4.37 1.06
324 5.76 2.14
247 4.33 8.7
385 0.13 9.0
453 5.58 4.02
338 1.09 4.71
156 3.16 2.23
415 1.41 8.11
56 5.48 8.33
37 1.28 6.86
391 0.36 6.92
198 0.01 9.09
343 3.39 1.23
353 5.0 8.49
486 1.24 5.42
245 4.76 2.94
382 5.55 1.9
256 0.34 7.52
356 2.18 7.21
412 3.11 4.13
100 3.96 5.94
72 1.15 1.74
348 2.41 4.7
495 4.35 5.79
54 0.61 9.05
90 0.45 4.69
428 5.28 7.09
117 3.59 5.97
474 3.47 0.38
401 5.63 0.92
375 4.51 5.23
492 3.46 2.15
285 3.98 4.68
212 3.93 3.09
183 3.35 8.82
252 3.5 0.68
206 5.67 6.71
15 0.66 6.49
300 2.39 1.96
44 1.63 8.38
293 5.11 4.36
83 4.97 8.08
203 5.56 6.82
335 1.31 7.82
288 4.83 4.29
404 2.53 8.61
233 1.27 6.54
7 1.58 8.87
65 1.02 3.95
226 5.85 3.14
144 1.22 0.04
137 4.68 4.38
152 4.06 6.43
298 2.09 2.12
107 3.2 1.66
34 0.5 1.25
234 0.69 7.22
269 0.09 1.93
367 2.57 1.65
497 3.95 9.07
403 0.43 7.86
97 2.24 2.19
330 1.14 4.64
471 0.65 6.39
123 3.55 2.24
444 2.14 7.14
