291
89 0.54 0.82
67 0.98 0.99
226 3.81 1.6
19 0.92 3.75
88 0.87 1.94
213 2.92 2.25
171 1.25 0.93
227 3.19 3.84
71 0.15 4.0
121 1.88 2.95
209 3.52 2.27
29 1.87 1.37
157 1.99 3.43
223 1.09 0.58
128 2.67 2.89
244 3.16 4.25
197 3.26 3.97
180 3.73 1.16
207 1.21 3.4
268 3.35 2.8
222 0.7 4.24
56 3.42 1.66
107 0.48 0.77
84 1.16 4.29
178 1.24 2.79
40 3.65 1.09
255 0.29 3.39
235 3.49 2.46
208 2.53 1.08
30 0.5 2.37
155 0.85 4.33
203 2.18 3.95
238 2.46 1.36
33 2.45 2.77
158 3.04 3.18
16 3.55 4.48
184 2.43 1.25
195 2.64 0.08
251 0.65 1.45
99 0.72 4.01
289 0.76 3.32
83 0.9 2.5
177 1.89 2.64
272 3.77 3.87
120 1.14 1.03
270 0.73 3.36
48 3.74 4.18
97 2.27 3.35
249 0.69 3.15
76 0.18 1.28
220 0.27 2.23
283 0.79 4.17
281 2.23 3.21
57 2.93 2.14
228 0.74 0.92
60 1.62 0.97
148 0.52 2.43
260 1.92 0.44
291 1.41 2.51
37 0.22 4.52
172 1.2 2.16
134 1.49 0.13
250 2.21 1.83
3 2.14 0.73
246 3.28 0.17
135 3.2 4.13
219 0.16 1.96
91 2.35 0.48
146 2.09 1.77
168 3.1 0.95
193 2.31 3.3
288 0.8 2.47
95 0.42 3.76
26 3.11 1.91
9 1.4 4.32
20 1.01 0.31
130 3.01 3.6
102 2.36 1.85
69 0.2 3.85
149 1.3 0.11
243 2.65 3.42
192 1.54 4.35
101 1.44 0.9
1 0.66 0.09
280 3.51 0.76
221 3.06 2.87
81 0.49 1.81
62 2.81 1.41
154 2.68 4.2
144 0.05 0.29
176 2.04 2.82
264 3.83 3.73
142 1.23 3.74
124 2.69 0.49
98 1.07 2.12
116 3.82 2.91
231 2.0 2.58
187 3.57 2.74
82 3.09 2.55
191 0.97 2.49
112 2.39 0.04
105 3.0 2.1
182 2.44 3.62
39 2.6 4.04
145 2.96 2.73
15 0.41 2.98
55 0.36 0.36
256 3.34 2.07
133 1.95 1.5
45 3.3 0.72
79 2.8 1.07
11 0.64 2.28
35 3.27 3.65
58 2.19 0.23
212 2.82 2.67
78 2.49 3.54
205 1.03 2.54
215 1.56 2.57
163 0.67 2.4
286 1.83 3.46
93 1.94 4.23
198 3.33 0.78
31 3.79 0.06
75 0.81 3.02
247 0.6 3.86
80 3.64 3.45
277 1.02 3.77
8 0.68 2.52
188 3.12 3.67
6 1.52 0.28
200 1.17 0.62
94 0.14 3.13
21 1.12 2.45
104 0.24 3.55
275 1.98 1.48
17 0.3 4.03
141 3.23 1.68
174 0.02 0.6
196 1.73 3.22
12 2.33 2.29
156 0.55 0.8
232 1.63 4.41
38 1.57 1.04
96 1.86 3.06
287 3.17 0.52
70 3.6 3.61
123 3.46 1.3
115 1.08 0.26
199 2.42 0.79
43 1.39 3.09
151 3.31 1.59
143 1.51 2.65
229 3.8 3.93
54 0.84 0.46
52 1.82 2.2
170 2.85 1.58
114 1.47 3.41
282 0.45 0.61
61 1.72 3.49
139 0.44 4.19
50 2.05 1.51
204 1.78 1.54
73 1.36 0.85
47 1.33 1.34
175 2.84 2.01
36 3.72 1.74
285 1.59 4.47
137 1.42 3.79
41 3.15 3.1
49 2.51 2.33
122 1.81 3.26
253 2.66 3.5
173 2.89 1.78
2 0.89 4.38
259 3.03 3.07
14 1.71 1.01
230 0.71 4.49
185 3.29 0.15
34 3.41 3.12
210 1.93 2.21
28 2.15 3.68
162 2.37 4.34
257 0.61 3.44
117 3.47 1.17
110 2.47 3.38
51 0.32 0.68
63 2.03 4.1
214 1.64 2.06
167 2.9 1.1
5 3.32 4.11
273 1.38 1.57
284 0.82 2.32
106 3.53 0.07
276 1.85 1.8
66 2.28 3.48
194 2.57 3.51
211 1.43 1.02
179 1.13 1.39
237 3.56 0.1
111 0.95 2.63
224 3.76 4.54
165 3.5 3.9
245 2.08 0.19
113 3.36 4.37
234 0.88 3.27
261 3.4 4.36
218 2.73 1.12
46 0.47 4.28
4 0.07 4.09
267 3.37 4.22
258 2.61 4.21
18 2.56 2.88
92 2.07 4.4
65 0.58 0.86
262 1.74 3.29
131 0.96 2.36
271 1.61 1.44
10 0.63 0.02
254 1.9 3.91
86 0.11 0.01
202 2.91 3.71
44 3.38 4.45
161 1.31 2.62
169 0.26 2.53
279 2.25 0.81
25 2.17 2.59
87 2.94 1.21
129 1.05 4.05
90 3.63 3.63
233 0.1 3.33
53 0.75 2.22
126 2.41 1.73
160 3.14 3.11
109 2.62 4.39
248 2.58 3.16
166 3.25 3.25
118 0.17 2.48
147 3.21 4.51
72 1.91 2.81
132 0.21 2.61
183 3.69 1.92
266 2.72 4.42
263 2.97 3.7
108 1.84 1.93
85 1.67 1.32
125 3.43 0.16
140 0.86 1.26
103 1.15 1.33
159 0.35 2.02
22 3.45 1.64
236 3.54 3.03
24 1.18 3.17
64 1.45 2.85
274 0.04 4.31
74 0.46 3.89
23 3.08 2.93
201 0.59 0.63
59 0.51 3.2
127 0.13 2.34
13 2.83 1.63
217 3.68 3.99
269 2.2 3.88
7 1.97 3.83
225 0.03 3.78
42 2.11 2.19
100 2.4 3.56
239 0.43 3.69
150 2.13 2.3
242 3.07 1.75
136 1.65 0.35
153 2.29 0.32
240 2.7 0.39
181 2.55 2.38
119 1.7 1.79
216 1.19 0.57
290 2.02 4.06
189 0.01 0.7
190 1.68 2.42
206 2.99 3.19
27 1.0 0.14
278 1.1 1.69
252 2.95 3.52
164 2.79 4.15
241 2.26 1.76
265 2.71 2.68
32 2.22 0.54
152 1.79 1.19
68 1.77 0.83
186 2.3 0.24
138 3.61 0.65
77 1.35 2.11
