151
89 4.29 1.57
1 1.33 1.52
39 3.13 0.55
46 0.79 0.68
138 3.19 1.17
6 4.21 0.13
28 0.52 1.24
10 6.0 1.23
91 2.01 0.66
135 2.19 0.42
23 4.86 1.37
106 5.67 0.41
61 5.81 0.57
20 1.41 1.38
97 3.21 1.46
98 2.0 1.48
25 5.94 1.61
110 1.65 0.53
80 1.36 0.29
126 1.09 0.78
103 1.9 1.05
51 3.67 0.44
82 1.07 1.47
143 0.02 0.19
62 4.11 0.12
2 4.52 1.5
148 5.11 0.09
140 5.48 1.75
92 5.77 1.22
129 0.25 0.69
133 0.86 0.34
32 1.4 1.76
73 3.46 0.27
37 2.36 1.11
21 5.0 0.3
88 0.7 1.29
113 1.8 1.3
95 6.4 1.09
8 3.73 1.31
81 0.48 0.1
117 3.87 0.31
66 0.17 0.62
44 5.78 1.08
112 4.74 0.96
15 1.22 1.15
121 4.09 1.39
146 2.53 1.36
74 6.55 1.04
130 1.97 1.01
145 4.85 0.16
43 4.75 0.65
47 2.34 1.43
30 0.57 0.6
34 1.75 1.25
69 1.81 1.19
12 1.23 1.62
31 3.17 0.59
149 3.23 0.63
90 2.82 0.9
24 5.27 0.56
124 0.14 1.66
7 4.02 0.89
127 1.08 1.2
57 1.55 0.71
13 5.13 0.49
75 4.72 1.6
83 5.32 0.5
18 6.16 0.74
50 5.93 0.91
128 1.32 1.44
119 3.15 0.86
35 6.43 0.81
137 4.47 1.06
40 1.6 1.49
107 1.91 1.63
115 0.1 1.73
132 3.37 0.72
48 0.69 0.35
11 0.64 1.1
144 1.85 1.4
49 6.07 0.98
54 5.58 1.72
111 5.52 1.55
70 6.19 0.48
22 0.76 1.21
53 5.85 0.76
105 4.46 1.41
116 0.51 0.4
3 5.25 0.47
108 0.98 0.21
33 0.27 0.82
87 1.88 0.46
77 5.82 1.45
17 0.11 0.61
36 5.42 1.13
38 0.18 0.88
4 3.52 0.18
67 0.24 1.71
27 0.46 0.52
64 1.74 1.26
55 4.35 0.75
60 2.92 1.33
102 3.64 0.7
134 3.31 0.26
104 4.95 0.43
93 3.86 0.25
72 3.47 1.53
41 2.16 0.85
142 3.75 1.28
122 2.47 0.92
125 4.54 0.17
19 0.41 1.69
114 4.62 1.32
76 3.41 1.42
139 3.2 0.03
100 0.77 0.05
120 6.2 0.79
42 1.5 1.54
58 3.51 1.03
147 4.58 0.15
85 3.65 1.0
101 6.01 0.97
63 4.16 1.18
131 3.81 1.64
86 2.27 1.34
79 4.45 0.11
9 4.88 1.65
71 1.26 0.22
65 1.01 0.93
29 6.03 1.68
150 6.06 0.77
123 1.89 0.2
94 5.01 0.08
78 5.88 0.23
26 2.54 0.64
118 4.17 1.07
136 3.04 0.84
59 2.8 1.58
84 2.98 1.02
99 3.9 1.27
14 3.96 0.39
16 6.26 0.54
141 3.57 0.73
45 5.69 1.74
56 2.5 0.67
151 1.47 0.94
96 1.46 0.99
52 6.5 1.35
109 0.97 0.36
68 0.44 1.51
5 0.07 0.32
