89
20 3.84 8.47
81 1.56 0.67
12 3.9 1.05
27 3.81 5.22
40 3.23 4.61
74 0.4 0.84
51 1.61 7.99
10 2.72 7.22
35 3.42 4.79
16 2.47 8.64
71 4.54 2.16
82 3.33 3.92
39 0.18 3.12
38 2.38 1.51
77 0.28 0.12
5 2.28 8.4
33 1.83 8.41
80 2.26 8.03
68 1.43 9.16
79 1.91 3.33
67 4.6 6.38
78 2.69 2.58
36 2.39 0.2
26 1.29 6.34
76 3.71 8.19
2 2.67 1.98
25 0.17 5.52
4 2.81 2.51
3 3.56 8.85
63 4.61 8.01
9 2.2 3.68
24 0.57 7.03
65 0.72 2.54
53 3.87 3.4
1 4.68 4.24
47 1.52 2.55
57 1.63 2.98
22 3.09 7.24
15 2.61 7.3
41 3.88 9.35
56 3.97 7.83
49 0.82 4.53
43 0.25 2.47
84 2.12 9.34
66 3.15 2.18
29 3.18 5.19
44 2.98 3.1
8 3.22 4.93
11 3.36 3.39
54 0.01 8.48
42 0.79 3.08
59 4.15 0.5
86 2.46 7.88
87 1.09 2.11
14 0.29 4.18
75 4.36 8.71
48 2.92 6.47
30 3.43 6.25
50 4.23 0.35
45 1.69 0.06
34 2.14 6.78
21 2.25 2.29
72 4.7 1.03
85 0.61 7.93
19 1.42 8.38
37 3.77 6.71
23 1.54 1.71
28 2.06 3.66
64 3.38 8.96
18 1.2 5.11
7 0.52 4.34
55 3.47 1.3
58 2.01 5.34
83 1.49 7.78
46 3.13 7.1
31 1.07 0.26
88 2.21 6.74
60 0.37 2.74
6 0.55 6.04
61 2.15 7.19
70 3.37 2.77
13 0.5 2.62
52 2.18 8.02
62 4.43 7.4
89 0.44 5.8
17 1.1 5.68
73 0.33 3.46
32 0.19 7.04
69 2.22 2.53
