239
156 3.14 2.15
227 0.09 6.48
41 0.42 3.33
18 0.64 2.35
22 3.1 6.41
128 1.89 2.79
94 2.32 2.9
180 0.24 7.97
63 2.5 5.18
224 1.29 0.75
86 2.85 5.38
222 4.14 1.1
198 4.07 3.87
102 3.25 5.52
161 0.11 7.58
188 0.46 0.58
57 1.94 0.71
12 5.83 3.15
59 3.72 4.62
69 1.82 5.19
209 6.65 3.36
100 3.33 6.94
20 3.57 0.97
141 3.73 7.26
42 5.22 8.38
82 4.65 0.2
187 0.86 0.32
97 0.99 4.64
23 4.83 0.21
75 0.22 7.48
160 1.65 4.13
39 4.93 4.21
130 6.68 1.61
147 3.96 1.74
85 3.23 8.75
164 4.79 0.95
27 4.51 3.98
185 1.01 6.78
140 2.57 7.11
106 4.05 2.81
199 6.23 1.42
117 1.4 8.34
17 4.89 5.82
186 4.88 4.24
149 0.53 7.64
165 5.32 3.95
192 3.06 5.98
61 4.9 0.86
193 4.26 1.64
231 6.02 2.57
170 0.6 4.94
157 5.37 0.52
216 2.53 3.86
13 4.32 3.08
129 1.57 0.27
9 3.58 7.31
77 0.3 4.47
144 4.52 2.38
10 2.58 6.72
212 0.74 0.5
207 5.89 1.24
145 4.82 7.06
173 2.98 4.97
125 4.1 5.97
189 5.88 7.89
36 3.62 1.73
118 2.04 5.83
96 5.21 8.66
34 4.71 1.02
33 1.04 4.65
7 6.69 2.43
28 3.52 0.19
78 1.11 0.82
139 5.92 8.72
205 3.5 5.89
197 3.98 2.17
54 1.8 6.45
178 0.44 5.64
220 6.52 0.18
80 1.84 8.91
135 3.61 5.07
89 5.9 7.47
50 2.34 4.72
132 5.78 6.26
214 0.76 1.14
24 0.03 0.69
202 0.97 6.13
11 1.48 1.67
235 2.26 5.66
162 2.66 8.55
229 6.37 0.09
150 0.55 3.65
48 4.23 8.62
163 1.37 3.69
43 4.85 2.85
114 6.34 6.89
190 6.55 1.55
56 3.68 3.91
133 2.47 5.04
1 2.18 2.0
146 5.72 6.06
44 1.97 7.53
112 0.4 7.59
72 2.33 2.1
88 4.69 5.63
210 2.9 1.76
153 6.46 1.78
49 3.51 4.23
168 0.82 8.74
154 2.45 6.05
45 5.25 5.92
182 1.31 3.0
15 5.66 7.2
71 4.73 2.6
108 4.02 4.04
66 2.41 2.93
232 2.84 4.61
239 2.82 4.89
211 2.89 6.8
101 3.86 1.68
221 2.44 6.95
6 0.67 6.63
68 3.47 2.78
230 0.63 3.45
169 4.58 6.52
26 1.68 1.25
134 0.89 4.63
225 0.26 0.64
99 2.87 6.49
200 1.27 5.26
90 1.58 7.6
201 2.99 5.48
219 2.46 4.75
237 2.0 8.01
176 5.57 2.96
14 4.28 3.34
70 6.12 8.09
166 5.33 6.83
113 6.33 5.25
19 6.28 2.62
47 4.33 7.98
215 2.68 4.57
3 6.59 3.68
93 3.59 8.93
95 4.86 1.88
122 3.67 4.49
127 1.21 8.96
218 4.66 8.88
228 4.08 1.82
148 2.59 4.32
116 5.23 3.35
131 1.78 0.31
142 4.97 4.38
35 2.67 2.95
204 5.51 1.23
110 3.64 4.93
120 1.81 6.92
107 3.04 5.71
52 4.91 6.81
174 4.45 6.98
124 0.94 7.87
167 0.92 5.29
105 1.74 2.54
196 0.28 3.63
179 0.12 0.68
73 3.32 7.12
223 5.15 2.34
79 0.91 5.67
236 5.08 7.39
92 4.55 5.37
58 6.45 1.12
195 5.49 5.0
138 2.61 7.43
83 0.48 7.14
5 3.74 6.5
121 2.14 8.71
151 6.16 8.0
206 5.87 2.18
158 2.73 8.52
126 2.55 6.0
109 2.2 0.76
67 5.35 1.34
159 6.49 4.78
87 3.05 8.7
171 3.94 6.01
25 5.4 8.85
81 4.87 2.12
119 0.08 3.97
175 4.31 7.01
137 1.51 1.47
74 3.35 2.37
104 1.22 2.63
111 5.84 6.73
213 6.63 7.91
2 3.65 1.71
181 0.21 2.08
16 4.38 2.82
76 6.7 2.14
53 1.52 7.45
194 6.32 5.5
64 2.96 1.63
46 0.59 0.93
172 0.72 1.49
184 0.81 3.84
233 4.53 1.11
32 5.24 2.46
115 2.39 8.21
38 0.68 6.27
226 0.34 0.72
84 0.9 0.36
60 4.42 0.84
123 6.71 6.65
37 5.77 3.43
29 6.13 0.85
183 5.74 5.43
152 1.95 1.13
8 4.64 5.1
177 3.84 3.4
65 1.25 7.27
51 5.68 3.49
203 1.1 3.99
238 3.81 6.82
208 0.13 0.81
62 4.48 1.29
103 1.69 1.35
4 1.99 4.71
91 5.27 6.03
143 1.73 3.57
55 6.27 6.33
30 5.03 3.04
217 1.34 0.66
155 2.16 7.3
136 0.54 3.76
98 1.7 6.24
31 4.63 0.33
191 0.57 6.87
21 5.1 2.01
40 0.01 3.9
234 2.91 2.04
