271
250 2.21 1.26
142 3.51 1.43
154 1.05 0.7
72 0.38 1.52
107 2.57 2.11
191 2.66 7.07
93 0.42 4.27
211 0.17 0.01
188 3.0 6.32
137 0.33 0.8
48 2.54 1.29
190 2.0 2.25
120 2.99 3.84
134 0.28 4.92
84 2.76 0.63
45 1.3 5.85
77 1.89 4.36
218 3.15 3.62
148 2.63 1.97
258 1.69 0.55
3 0.63 0.29
17 1.37 2.88
155 2.48 0.68
245 2.29 5.77
156 3.06 7.81
180 0.12 6.33
264 3.6 1.4
126 1.51 3.04
173 3.09 7.25
35 1.91 2.2
116 0.21 3.85
271 2.52 7.12
236 2.55 8.57
44 1.53 6.44
259 3.21 4.84
268 0.15 3.81
99 1.18 5.51
175 3.39 4.57
69 2.3 4.22
208 0.02 8.43
30 3.45 0.85
122 2.44 0.31
71 1.93 2.57
209 1.88 8.01
206 0.97 7.26
14 2.77 0.96
80 3.25 1.79
9 0.98 7.55
78 0.96 1.33
64 3.35 8.0
143 2.59 0.79
32 0.93 5.49
255 1.57 5.32
267 2.64 3.67
22 0.62 1.16
85 0.61 1.07
46 2.95 4.69
226 2.56 5.5
263 0.9 3.76
229 1.11 5.31
18 2.88 6.57
151 2.19 2.13
56 1.21 6.67
110 0.32 1.51
260 1.82 4.93
124 1.17 0.24
76 1.94 0.97
205 2.2 4.47
131 0.13 5.96
81 3.69 0.3
246 2.71 0.13
19 2.16 2.12
38 1.67 4.34
219 2.8 1.78
127 2.14 3.35
86 3.17 6.63
95 0.34 0.77
12 1.2 8.24
88 2.91 4.51
74 2.73 3.34
266 1.63 3.73
217 3.29 6.82
63 1.08 3.28
198 0.82 3.26
51 0.16 3.1
62 1.54 4.7
94 0.35 2.91
232 0.73 2.86
210 1.45 1.3
129 2.09 7.86
261 1.66 4.4
10 2.39 0.93
57 2.38 3.32
239 2.85 7.15
193 0.44 0.54
130 0.74 0.88
179 3.73 3.96
160 2.69 3.43
237 0.55 4.16
114 1.7 1.24
59 0.51 5.18
145 0.2 6.56
6 2.31 7.02
158 1.49 3.46
4 3.48 6.37
91 2.43 8.14
101 0.24 4.19
159 2.07 5.35
166 1.99 7.52
152 3.38 7.46
200 1.73 2.39
24 3.26 5.21
104 1.4 6.89
1 3.3 6.71
254 2.26 8.21
178 0.29 6.26
161 1.52 4.44
20 2.04 3.7
92 1.02 8.31
97 2.35 6.65
100 2.65 3.66
169 3.11 3.07
223 0.87 3.38
23 3.14 4.55
26 3.36 0.41
244 2.06 3.9
13 1.87 2.73
257 3.34 5.14
167 0.6 0.65
41 0.47 5.63
109 2.7 3.56
11 3.01 3.15
241 2.51 6.1
185 1.32 3.68
265 1.42 3.19
8 3.68 2.89
243 0.01 6.78
15 0.65 8.54
135 0.39 1.34
182 3.42 6.45
238 3.24 0.67
201 1.25 1.0
212 1.79 8.44
207 0.04 8.6
42 3.66 8.61
141 1.07 4.82
183 1.68 6.04
230 1.26 5.83
58 2.83 6.19
249 0.52 5.95
29 0.31 7.29
215 3.32 2.05
146 2.27 7.7
36 2.41 6.48
39 2.98 5.81
231 3.22 5.94
66 2.34 7.97
128 3.18 4.38
43 1.59 7.67
87 1.97 6.95
61 0.22 4.78
108 3.46 6.06
53 1.6 0.14
163 3.05 5.02
248 2.72 0.99
222 2.23 1.7
138 1.72 6.55
103 1.92 0.5
203 1.15 4.49
90 0.11 0.12
227 3.31 5.82
118 2.37 4.35
196 0.57 1.69
262 0.92 7.43
270 3.63 0.78
125 2.24 6.23
144 1.19 5.97
176 3.59 7.54
112 0.72 5.25
197 3.43 7.47
220 3.49 3.78
136 0.81 6.34
235 2.01 1.96
75 2.15 4.0
54 2.4 4.76
157 2.74 7.85
117 1.0 7.14
49 1.46 5.71
7 1.56 8.12
79 3.33 1.03
47 1.13 1.09
186 2.86 0.06
194 1.38 3.41
98 0.85 6.38
234 0.76 1.05
150 2.36 1.17
189 3.62 3.37
106 1.78 1.89
225 1.39 3.3
240 2.28 5.33
111 2.82 1.36
168 2.62 6.7
34 1.58 6.03
221 0.54 0.18
67 1.04 0.25
83 1.31 7.39
28 2.9 3.17
123 3.54 6.85
228 1.76 7.62
105 1.71 8.2
199 0.64 4.25
140 1.35 2.97
216 2.45 8.52
16 0.43 4.91
253 0.69 3.25
2 3.7 0.95
55 3.2 8.42
181 0.41 5.1
33 2.25 5.84
5 3.41 2.98
204 3.52 3.87
252 2.47 8.13
214 2.58 7.78
247 1.23 0.02
256 0.89 8.27
233 3.13 2.49
184 0.07 0.04
242 2.1 0.32
52 1.96 2.99
68 2.78 7.4
162 1.98 1.8
172 2.6 3.64
27 3.58 2.46
153 1.61 7.59
170 0.4 1.62
50 1.12 1.27
164 2.81 3.94
132 0.18 2.16
195 1.75 4.05
70 3.67 4.74
82 2.97 0.38
31 1.62 3.31
224 0.68 2.22
192 1.09 1.2
65 3.74 1.48
113 1.9 8.53
96 0.66 5.06
213 2.94 5.34
25 0.05 4.21
139 0.94 6.81
102 1.36 6.24
171 2.96 5.24
269 0.8 5.26
119 0.75 7.51
40 2.11 3.01
147 0.58 4.45
73 0.23 4.2
177 0.06 4.11
187 1.29 7.69
149 2.42 2.65
202 3.61 0.92
174 3.65 4.67
115 2.46 6.28
165 1.1 1.77
133 0.46 8.35
60 2.92 2.75
251 3.47 7.77
21 2.13 6.69
37 0.03 6.4
89 0.86 7.33
121 0.59 2.0
