192
154 9.11 0.11
80 9.39 2.43
5 0.6 2.14
141 3.95 3.71
99 6.64 0.4
67 1.65 2.3
182 0.82 1.22
174 9.23 1.56
3 2.98 3.54
26 4.87 1.9
123 2.12 0.32
77 2.19 1.46
170 3.06 1.92
34 1.89 3.81
183 8.61 1.89
167 1.47 0.77
30 3.56 3.68
104 8.64 3.85
125 0.88 2.88
115 2.47 3.1
134 4.44 0.76
126 2.72 3.79
176 5.28 2.0
168 5.03 0.19
73 2.08 1.72
151 2.55 2.16
129 6.01 3.17
83 1.14 2.76
103 7.58 1.54
175 6.39 0.24
19 0.41 2.71
40 7.15 1.23
190 0.4 1.35
177 4.21 1.79
139 5.32 1.93
124 0.25 2.53
164 6.27 1.02
133 1.55 0.98
57 5.01 2.92
106 8.14 2.77
188 0.26 0.92
36 0.23 3.38
142 4.35 1.64
41 5.4 0.83
105 9.36 2.72
17 1.68 1.67
85 0.97 0.89
15 1.99 1.11
152 6.16 0.47
95 7.12 1.99
110 2.43 1.24
7 3.33 3.82
172 9.61 0.72
169 1.33 3.02
18 1.38 3.24
101 7.47 3.26
98 0.61 0.3
166 8.42 2.38
149 0.06 1.76
48 0.55 1.28
62 0.09 1.44
130 0.67 0.1
107 8.78 0.49
32 6.38 2.96
86 8.96 3.51
88 7.18 0.38
128 3.78 1.36
58 3.23 1.65
137 8.8 3.33
131 8.51 1.82
78 4.02 1.3
120 3.19 2.93
29 7.8 0.37
47 9.26 3.08
165 2.03 3.04
184 6.59 1.07
49 4.71 1.04
38 0.15 1.69
144 7.44 3.58
4 0.43 2.63
108 2.63 0.86
185 1.83 2.28
121 3.01 1.68
1 2.2 3.11
127 8.77 2.39
156 2.66 3.69
75 7.33 1.81
68 9.41 1.27
59 0.01 0.88
21 8.21 2.85
50 3.54 3.05
186 3.99 0.84
189 7.76 3.52
10 6.62 3.29
81 0.71 2.6
11 1.8 2.19
43 0.04 1.66
160 3.69 3.0
145 7.54 2.08
20 7.14 0.59
70 0.91 3.77
37 6.21 2.48
153 8.79 1.09
52 4.52 2.03
31 9.32 1.77
187 9.17 1.29
171 2.32 0.05
55 4.59 1.85
16 5.26 1.51
79 5.83 2.27
91 8.67 3.48
147 6.77 2.32
146 1.46 2.64
162 7.97 0.58
102 3.16 3.2
44 0.54 3.65
74 5.94 2.37
192 7.82 0.46
159 8.28 0.33
69 4.82 3.75
93 3.48 3.01
22 5.35 2.79
90 3.42 0.09
117 7.04 1.63
60 6.28 0.64
28 7.94 1.53
155 4.4 1.55
33 5.6 2.23
179 1.12 2.29
72 3.28 3.32
51 3.8 2.83
63 1.62 0.62
82 5.25 1.88
173 7.48 2.7
89 6.73 2.98
163 6.29 3.19
116 0.95 3.12
112 5.54 0.22
45 6.71 2.74
6 6.09 1.61
158 5.53 1.43
181 1.66 2.44
54 0.57 0.78
140 0.99 0.31
2 3.61 3.21
178 9.51 1.86
94 6.49 1.42
27 5.12 1.06
96 9.45 2.87
12 9.72 1.16
13 6.48 2.78
14 0.31 1.96
24 4.25 3.83
84 1.57 2.4
9 0.72 2.05
191 5.07 1.01
157 3.36 0.57
66 2.3 3.36
53 3.66 2.46
135 2.97 1.03
61 4.07 1.0
23 8.41 0.75
64 8.37 3.3
56 5.42 3.07
143 1.44 3.47
92 8.12 0.66
8 7.27 0.21
180 8.56 3.09
136 2.65 0.55
138 6.89 2.84
35 0.13 0.52
100 9.44 0.48
114 1.73 2.82
150 7.1 1.25
118 2.68 3.5
76 4.66 0.39
97 9.56 2.8
132 8.43 2.65
111 1.03 0.41
46 3.81 0.43
119 2.61 0.81
25 9.27 3.34
71 4.86 0.99
39 6.2 1.2
148 9.01 3.06
42 9.69 0.36
122 8.45 1.57
109 9.38 2.42
161 2.11 1.74
65 5.9 0.12
87 3.87 3.14
113 8.74 1.41
