283
93 2.53 8.66
64 0.25 8.64
82 3.62 8.09
158 0.03 9.48
272 1.47 6.97
167 3.34 8.88
69 3.29 7.57
124 2.29 1.2
239 1.18 6.8
211 3.59 8.14
51 2.57 1.15
256 1.36 8.81
186 2.65 8.69
192 3.12 7.46
87 2.14 1.57
154 2.9 3.32
265 0.02 4.7
110 0.84 7.41
213 2.04 4.56
27 0.57 0.48
267 2.08 0.41
38 1.65 5.84
42 1.26 1.58
106 1.06 7.9
144 1.55 7.68
247 1.53 2.72
179 2.75 5.76
156 2.94 8.83
139 0.09 0.1
13 0.18 6.11
152 1.58 3.66
182 2.35 5.75
277 2.67 2.91
12 2.15 1.47
200 0.2 0.43
24 1.84 3.49
178 1.28 7.24
147 1.09 9.58
135 2.46 2.82
30 0.54 1.85
26 3.38 9.56
249 2.07 1.68
191 0.97 3.54
128 0.6 2.6
14 1.73 6.05
84 0.5 5.32
75 1.63 6.91
25 1.51 8.25
244 0.76 8.06
32 2.71 2.99
56 1.68 9.61
18 3.43 6.09
11 2.4 8.8
237 1.44 3.62
21 3.67 7.7
28 3.27 0.87
130 2.13 9.53
166 1.98 5.44
120 1.93 5.98
230 1.96 0.84
76 2.11 6.96
89 1.9 6.35
4 1.74 4.29
74 0.22 6.65
31 0.89 5.71
6 1.02 8.95
101 3.36 2.55
126 3.47 3.67
138 0.87 3.45
125 2.52 3.71
15 0.35 5.92
67 3.66 1.8
17 0.34 0.85
165 0.21 4.15
221 1.54 4.41
208 1.83 6.21
171 1.95 3.93
98 0.77 3.04
197 3.04 6.52
140 0.58 1.79
163 2.47 9.75
49 3.18 3.18
281 0.7 2.4
127 0.05 0.27
162 3.39 9.76
188 1.49 6.03
77 3.61 9.62
234 3.15 5.25
9 1.38 9.88
79 0.41 7.86
112 2.44 1.78
262 1.24 2.46
39 1.78 5.48
173 0.86 7.03
269 0.71 3.37
29 0.42 9.3
252 1.66 4.28
279 3.28 8.46
3 2.16 6.1
155 3.55 4.59
57 1.22 0.12
207 1.25 9.22
131 3.11 6.58
47 3.19 6.75
117 2.31 3.19
236 1.01 2.28
187 1.42 6.2
193 0.59 9.02
242 1.92 1.13
170 2.54 8.34
240 2.34 6.0
111 1.88 0.13
103 1.45 9.49
224 2.63 0.88
254 3.02 1.96
196 2.27 6.77
48 2.01 8.02
210 0.55 1.36
251 0.66 5.88
257 1.6 6.38
263 2.98 9.67
245 0.28 5.19
220 0.91 4.8
37 1.94 5.67
133 2.06 2.3
105 0.96 1.23
137 1.0 6.26
282 1.5 6.57
85 2.81 8.21
243 3.51 8.57
80 2.38 8.92
225 2.22 6.15
223 1.99 4.68
58 0.88 9.98
143 0.56 3.43
2 2.62 0.2
150 1.87 6.88
134 2.88 1.26
10 1.32 2.35
206 3.07 2.13
274 2.84 0.94
45 0.98 3.38
20 2.28 6.82
122 0.4 6.44
142 1.75 5.06
52 2.3 1.82
23 0.26 8.63
148 1.91 1.25
129 0.29 8.89
228 2.41 2.92
198 3.44 9.32
268 1.16 1.24
7 1.57 2.24
153 0.65 4.53
215 0.49 6.25
161 1.33 4.69
60 3.25 7.87
260 2.5 0.99
246 2.66 1.48
159 0.47 3.01
264 3.01 2.62
181 0.36 1.14
248 2.55 1.31
113 1.31 1.54
233 2.49 4.48
151 2.32 4.54
96 0.01 4.95
119 2.89 2.56
68 3.69 2.43
204 3.22 2.16
216 3.41 6.67
189 3.32 5.23
46 0.62 5.58
102 3.42 8.41
72 0.52 3.56
59 1.67 9.63
217 3.45 8.5
40 0.67 5.33
219 0.68 4.19
283 2.19 4.33
169 1.82 0.16
194 2.24 2.89
146 0.23 5.59
65 3.21 0.54
8 3.57 5.38
136 2.99 3.22
278 0.04 7.29
141 0.24 5.94
157 3.72 5.64
115 0.16 4.62
199 0.14 0.17
226 3.2 0.9
149 1.86 2.22
212 2.82 8.65
276 2.72 4.94
231 0.32 2.31
91 3.3 3.95
180 0.11 8.29
238 2.42 1.66
266 2.36 0.58
258 2.83 8.94
160 0.39 5.74
108 1.15 4.23
22 1.27 4.2
70 2.68 9.66
174 3.13 2.86
235 1.05 7.42
92 3.63 8.07
19 1.11 6.68
88 3.06 4.82
33 0.15 0.42
121 0.07 1.9
172 0.19 1.71
202 3.16 1.03
36 2.79 0.29
114 1.37 1.35
54 0.94 7.89
229 1.59 8.99
164 3.71 2.7
250 2.73 9.91
116 3.58 2.29
5 3.37 0.55
271 0.63 6.72
273 3.33 5.39
44 3.26 5.22
145 3.53 7.31
71 3.05 2.66
175 1.41 8.71
177 0.78 7.62
94 2.8 5.42
99 1.69 1.28
62 0.61 2.57
50 1.35 5.24
209 2.03 1.27
90 0.9 9.92
109 3.5 9.09
107 2.6 7.36
253 0.85 4.88
185 1.79 6.84
104 0.08 0.07
259 3.23 5.03
168 1.08 0.52
205 1.17 2.93
61 1.48 3.74
214 3.35 0.61
118 0.79 5.87
55 0.27 2.47
16 1.77 1.05
1 2.77 1.6
41 3.03 8.05
176 3.64 3.65
203 2.17 6.5
218 0.43 3.41
95 0.73 8.17
123 1.8 4.1
222 0.93 0.25
280 1.7 3.33
34 0.46 2.44
132 2.87 4.67
275 3.4 5.41
183 3.68 2.0
190 2.64 7.97
184 1.4 7.65
78 3.6 0.68
81 0.13 0.06
83 0.17 4.84
232 3.24 3.4
63 2.58 5.93
241 2.7 0.7
43 1.19 2.94
66 1.85 1.7
227 1.52 9.17
100 2.37 8.0
86 1.89 3.3
270 2.43 2.63
73 1.39 4.55
97 3.54 5.68
53 0.82 7.18
255 1.81 9.24
195 1.3 7.74
261 3.52 0.76
35 2.69 3.51
201 0.31 5.6
