300
153 4.57 0.93
196 1.91 4.46
83 6.17 0.53
206 5.45 2.44
167 0.1 2.86
174 5.99 5.23
244 0.96 0.02
107 3.43 2.16
198 3.3 3.91
241 2.43 5.32
279 2.4 2.07
149 1.32 0.65
197 1.19 1.47
111 5.13 2.19
271 0.12 0.55
237 4.78 4.27
80 6.13 4.69
114 4.62 3.81
176 4.44 1.84
115 5.17 3.55
210 3.78 1.49
20 6.55 1.85
8 1.53 1.22
265 4.81 2.42
231 3.68 0.5
68 2.53 4.52
144 5.07 4.18
164 3.35 2.4
272 0.3 4.55
46 0.55 1.38
126 1.04 0.57
55 1.31 3.65
294 4.29 2.1
288 4.64 3.64
223 4.73 0.32
298 0.28 1.25
177 3.62 4.73
10 5.0 4.05
254 5.42 5.21
120 0.22 1.82
276 6.73 3.08
209 0.81 3.84
65 3.17 0.6
225 0.31 5.27
178 5.33 3.86
246 5.01 3.82
274 2.17 4.07
227 1.58 2.35
238 5.02 0.29
92 3.98 2.09
143 6.36 4.17
45 2.07 1.03
163 2.73 2.64
204 0.51 1.33
84 6.41 5.0
11 5.92 1.52
94 5.27 0.52
31 2.39 0.56
253 3.83 0.99
277 4.15 2.91
69 2.64 2.97
39 0.82 2.52
88 4.33 1.44
292 5.97 0.63
154 5.76 2.72
162 6.28 2.37
296 3.75 1.21
24 3.37 1.09
118 4.99 1.66
157 0.59 3.45
51 3.6 0.18
175 0.2 4.45
239 2.2 5.22
124 0.87 0.86
142 3.0 0.78
104 3.9 4.29
184 1.56 0.26
268 4.37 2.96
1 2.21 1.58
26 1.13 1.39
18 2.88 4.08
169 2.81 2.15
259 4.47 1.71
278 6.68 4.31
270 0.49 2.8
91 5.73 3.72
70 0.18 2.65
299 1.57 4.89
58 4.51 4.78
112 4.3 4.97
137 0.7 2.7
63 0.65 2.26
182 2.89 0.58
73 4.11 4.44
6 2.01 1.65
76 0.03 1.97
300 1.15 3.07
226 5.11 4.7
130 1.92 2.24
285 5.24 1.7
15 2.35 3.09
249 0.68 0.61
228 6.4 4.03
102 5.22 2.3
135 1.93 4.24
60 1.64 0.82
101 5.79 5.08
266 4.96 4.42
148 1.49 2.54
2 3.03 0.64
222 6.77 4.8
78 0.9 4.91
289 5.15 2.83
181 5.78 4.56
179 4.03 1.19
27 1.83 0.89
40 2.65 0.77
234 4.18 3.99
59 0.29 0.04
54 3.67 3.85
131 4.07 2.76
22 5.06 3.63
208 2.3 1.14
85 3.02 4.92
150 1.47 2.28
220 5.91 2.81
200 4.77 0.98
117 5.77 2.66
269 3.19 4.38
211 1.78 2.02
221 5.9 2.69
165 5.23 0.92
247 1.16 2.84
252 6.67 3.24
139 3.01 2.32
89 3.1 3.12
243 3.18 3.67
53 6.33 3.36
173 0.95 0.03
155 2.99 5.03
281 3.65 3.34
215 6.21 3.62
264 2.51 5.24
214 3.58 2.21
180 6.29 3.79
35 2.48 0.21
224 6.51 2.06
132 0.34 4.64
134 2.29 5.18
9 1.75 0.39
251 6.0 2.43
199 2.93 1.45
158 6.16 4.74
98 4.7 3.97
235 3.28 5.17
236 4.9 1.04
52 2.31 1.36
160 6.47 1.12
75 1.42 5.07
258 4.82 5.06
32 6.04 3.21
79 5.98 3.33
3 5.71 1.81
128 4.28 4.83
56 3.34 3.74
86 0.11 4.41
185 4.01 2.14
29 6.23 1.78
217 6.52 3.76
99 1.3 3.49
123 5.7 2.73
194 5.1 3.35
233 5.05 1.48
257 3.69 0.62
151 0.6 3.48
141 4.92 0.42
191 6.14 3.59
108 1.55 4.75
57 1.45 1.54
171 1.29 1.26
273 5.14 3.83
36 6.02 3.92
232 6.25 3.42
44 2.0 0.51
293 4.26 2.01
195 3.11 0.27
77 6.35 4.21
145 0.26 4.72
186 4.52 4.82
125 5.81 4.9
287 2.63 3.43
129 3.94 1.31
97 5.32 1.61
105 0.69 3.32
240 1.03 5.15
297 3.57 2.13
21 6.75 2.38
110 3.46 2.04
41 2.02 0.66
13 3.42 1.41
25 0.15 0.54
190 3.49 1.43
183 3.95 0.96
280 1.51 1.3
201 0.88 4.84
87 0.21 0.68
248 6.05 1.17
119 4.34 4.39
5 3.08 2.75
146 4.88 2.0
261 0.8 4.02
133 1.07 2.41
34 2.14 0.75
14 1.1 3.7
93 1.48 0.76
38 6.59 4.26
64 3.66 5.02
96 6.1 4.59
192 6.43 3.25
33 6.26 1.28
282 4.2 0.43
43 6.37 4.09
188 3.59 2.89
66 3.73 3.51
207 3.8 3.57
161 2.26 3.52
172 6.72 5.09
267 3.09 4.49
205 6.07 3.93
284 5.2 4.22
242 6.08 5.28
260 0.98 4.65
4 6.06 5.26
16 0.78 2.29
106 6.27 0.2
218 0.85 3.6
193 0.83 4.47
219 0.52 3.37
49 4.86 3.15
166 0.04 1.83
187 5.41 4.2
230 1.28 2.85
286 6.39 4.81
7 6.81 3.02
256 3.86 3.68
67 4.19 5.05
295 0.05 4.35
62 0.42 3.58
95 5.94 1.56
116 6.83 4.25
216 3.88 1.93
202 0.71 1.29
170 6.49 2.2
17 2.92 2.55
263 6.19 3.29
122 5.19 1.95
82 4.04 2.12
28 2.49 0.08
291 1.21 1.67
47 5.46 1.05
103 4.59 4.28
90 1.14 0.37
48 5.86 2.67
37 0.67 3.56
283 2.13 0.83
152 5.51 0.05
212 4.5 4.62
113 5.49 0.22
245 5.68 5.25
156 5.95 2.92
61 3.84 4.11
255 1.5 1.35
74 5.93 0.88
109 2.67 4.23
138 3.63 3.06
290 2.69 3.2
203 1.66 2.59
140 5.25 0.91
12 1.33 5.16
213 0.57 0.38
72 4.39 4.77
19 0.36 2.98
23 1.71 1.2
189 5.58 5.13
159 5.72 5.1
127 1.97 5.04
262 6.63 2.63
147 5.28 0.19
100 1.61 0.33
71 0.48 1.62
50 6.64 1.27
275 4.8 1.99
30 0.79 3.66
136 5.44 4.0
168 5.87 0.23
229 1.52 1.32
42 3.16 4.53
81 1.77 1.96
250 5.21 2.95
121 5.3 0.9
