190
43 1.46 1.63
100 1.7 0.83
15 3.83 4.76
75 3.59 4.97
102 1.28 5.31
67 4.09 2.43
115 1.15 2.95
135 3.35 2.38
78 0.4 2.65
93 3.72 1.27
94 4.37 3.24
9 4.3 4.3
69 1.2 1.55
130 1.23 1.94
108 1.77 4.08
156 1.49 2.64
174 0.03 0.13
86 3.66 5.3
171 0.55 3.67
42 1.38 1.72
159 1.31 4.92
29 0.15 2.9
172 3.61 0.91
176 2.7 1.5
1 3.39 0.64
142 0.41 4.54
116 2.36 0.09
3 1.5 4.64
50 0.54 5.01
127 3.7 0.49
40 1.54 0.4
81 1.35 5.18
64 0.87 4.6
80 1.96 2.12
152 4.04 4.74
112 1.42 4.15
169 0.92 1.76
121 2.99 5.37
117 0.5 1.06
47 2.14 4.79
2 1.36 4.07
165 2.33 3.41
34 1.21 3.63
26 2.96 0.81
158 0.17 1.6
123 0.63 1.28
30 1.92 2.94
138 3.0 5.15
126 0.14 1.15
140 0.37 3.3
51 3.78 4.23
153 1.82 1.51
154 0.68 3.32
7 4.25 3.99
114 0.29 2.66
145 2.3 1.56
162 1.44 1.45
122 2.23 1.89
76 0.98 0.5
189 1.59 2.34
151 4.34 2.54
63 1.68 4.37
22 3.79 3.72
118 0.94 0.77
101 0.89 5.36
137 4.31 2.06
148 2.31 3.5
48 3.23 4.05
136 4.44 2.72
98 0.19 0.61
99 2.88 3.42
168 2.32 3.13
133 2.55 4.67
13 2.0 4.55
25 4.06 3.54
39 3.76 3.46
109 3.3 3.01
17 4.0 4.75
132 2.67 4.96
74 2.29 4.53
71 2.51 2.58
90 0.18 0.23
96 3.1 4.47
37 2.17 0.35
105 3.34 0.04
8 3.49 1.82
38 1.78 1.8
107 2.22 2.33
129 1.83 5.24
31 1.89 0.41
73 3.06 0.14
104 1.51 3.88
183 3.29 2.98
119 2.56 0.89
57 2.54 4.7
28 0.35 2.8
55 4.28 5.0
120 4.23 2.63
61 0.8 0.22
95 1.13 1.25
60 3.73 4.82
24 1.29 2.51
181 1.22 5.34
103 1.93 2.74
173 3.16 3.97
150 3.27 2.26
33 3.94 1.58
179 4.12 3.26
187 3.55 1.88
62 3.84 5.11
155 2.82 2.85
146 0.13 2.11
18 3.48 2.52
36 2.85 5.17
65 2.35 0.75
11 1.74 0.98
184 0.02 1.79
52 4.48 3.49
111 3.54 3.51
68 2.6 0.93
35 0.6 2.41
6 2.94 4.98
20 1.26 3.05
44 2.53 3.65
190 4.5 1.81
163 3.19 2.62
166 0.36 0.53
85 1.64 4.49
110 0.49 3.36
125 0.62 3.14
5 3.14 4.29
134 4.2 4.44
10 3.22 1.61
19 2.43 1.66
87 1.58 3.8
82 2.46 2.18
88 0.31 2.14
14 2.78 0.3
157 1.37 2.29
170 2.65 2.97
45 1.97 4.77
185 2.03 1.0
21 0.11 4.1
97 3.6 1.71
141 3.71 3.28
113 0.95 3.94
92 3.58 3.18
53 4.14 2.15
79 1.18 5.02
180 2.05 2.68
46 0.06 1.97
144 0.27 3.2
70 3.11 3.85
164 2.19 2.71
77 1.85 4.19
186 1.67 5.14
161 2.13 4.65
66 1.66 3.48
27 4.43 1.41
182 3.46 2.92
131 1.3 0.28
23 0.21 4.33
160 2.9 2.93
58 4.24 3.68
149 0.3 2.88
143 2.01 0.56
139 4.27 2.73
49 0.45 2.27
175 2.62 5.23
147 1.02 4.58
41 2.5 2.17
72 4.02 3.92
4 2.69 0.36
59 3.88 3.66
188 1.65 0.02
106 0.85 0.52
56 0.96 2.04
91 1.27 2.56
32 1.45 1.03
12 3.81 2.55
54 1.01 3.71
84 1.69 4.52
83 0.82 3.19
16 3.43 5.07
178 1.48 4.84
128 3.8 3.08
177 3.75 0.74
89 3.33 3.61
124 3.77 0.71
167 3.65 4.78
