423
226 0.68 2.93
357 0.98 3.29
92 1.02 1.64
84 1.0 2.98
350 0.54 0.55
85 1.5 1.72
338 2.32 2.15
258 3.65 0.76
353 3.32 1.3
7 0.73 3.42
209 0.96 3.85
81 3.01 0.09
116 1.88 0.49
191 1.11 0.78
96 3.36 2.12
314 3.14 3.49
33 2.9 1.96
62 3.77 1.78
130 2.92 0.43
329 3.42 2.48
104 1.19 0.06
147 1.69 3.9
208 3.98 2.03
288 1.31 0.75
351 2.06 1.79
102 0.31 0.99
16 3.62 3.75
126 1.75 1.44
43 3.56 1.08
110 1.92 3.56
124 1.21 2.53
290 2.82 2.06
228 0.25 4.23
392 1.78 2.38
168 0.07 4.18
170 2.83 3.4
333 1.83 0.6
206 4.13 0.44
378 4.05 3.82
113 1.59 3.53
240 0.05 0.93
141 3.78 3.06
159 1.34 0.1
420 2.36 0.66
322 2.69 0.62
44 3.27 4.02
54 3.02 2.41
185 0.88 4.22
251 0.26 0.71
22 4.08 0.81
117 2.78 1.58
155 1.36 1.99
283 1.26 3.91
331 1.39 1.23
235 1.03 1.61
299 2.0 3.65
175 3.87 1.37
190 3.84 1.49
132 1.77 0.18
69 1.53 2.92
75 0.21 1.12
9 1.97 1.76
56 1.32 3.44
114 2.44 2.09
49 1.89 0.42
366 0.34 3.32
136 3.0 3.45
98 2.91 4.07
223 3.63 1.94
163 0.52 0.57
83 3.82 3.12
196 2.99 4.12
138 2.5 2.5
330 2.14 1.57
151 2.88 1.17
146 1.82 4.06
302 2.96 0.37
371 2.86 3.52
361 1.79 1.75
348 2.3 3.61
284 1.33 2.82
402 0.58 2.86
121 1.76 3.17
183 2.28 1.43
156 3.75 3.6
87 0.49 2.42
318 0.01 3.21
213 2.94 3.57
101 3.43 1.84
315 1.55 4.19
323 2.23 3.47
279 4.23 1.81
277 2.51 2.2
135 1.06 0.86
187 0.89 2.83
239 1.43 2.32
46 0.81 4.16
282 2.17 0.89
225 4.17 0.23
153 1.25 0.65
262 2.35 3.87
128 2.74 2.69
342 3.71 3.94
349 2.84 2.72
4 1.44 0.14
313 3.51 3.46
37 3.72 3.19
253 1.66 2.99
370 3.38 0.47
249 3.17 2.13
194 1.07 2.35
152 1.72 0.8
254 1.47 0.28
11 2.15 1.85
48 1.58 0.97
416 2.95 1.28
216 3.89 3.15
214 0.9 3.5
174 2.8 0.24
395 4.21 1.89
300 0.77 0.16
289 3.85 0.74
358 0.62 1.41
144 2.75 2.39
162 2.89 3.43
118 2.19 4.08
259 0.12 1.59
215 1.28 0.21
210 0.08 2.49
406 3.57 3.1
63 3.48 1.47
108 1.4 1.11
88 2.66 0.72
384 0.46 1.01
129 2.65 2.74
303 4.0 1.98
111 1.17 3.48
372 0.41 4.01
90 3.47 2.9
200 1.16 2.77
77 2.77 0.53
291 3.04 0.84
377 2.01 2.17
245 2.22 0.03
327 2.45 4.2
221 0.1 2.45
319 0.67 1.53
160 1.3 1.86
197 3.1 2.64
73 3.15 2.43
150 3.33 3.76
413 2.52 2.46
6 2.79 3.93
74 0.79 1.04
396 0.7 1.24
120 1.96 0.45
383 3.45 3.51
42 4.18 2.84
217 2.33 2.4
15 1.71 2.23
324 2.63 1.77
8 2.4 1.32
409 2.93 1.54
193 4.19 2.8
332 0.29 3.74
148 3.55 2.7
244 0.38 3.72
103 3.39 1.9
306 2.53 2.52
376 4.03 0.19
242 0.5 3.34
231 3.58 0.88
21 0.59 0.2
2 3.03 0.08
47 2.09 1.65
309 1.01 3.25
53 0.71 1.16
211 1.64 3.24
219 2.97 2.55
369 2.72 0.17
310 2.58 2.26
295 0.4 3.98
286 3.09 3.89
173 1.35 1.83
305 2.38 3.22
308 0.8 2.44
399 3.93 0.15
133 4.06 3.08
105 0.57 1.18
145 3.23 2.78
404 2.42 2.56
352 1.1 3.55
271 1.42 1.97
161 0.76 1.42
106 1.99 0.87
243 2.62 3.37
252 1.24 2.25
407 2.2 2.79
134 3.86 0.41
64 0.91 0.11
91 3.07 0.04
339 0.14 1.15
123 0.22 0.56
176 0.94 1.34
292 1.68 1.1
107 2.37 3.23
171 2.13 1.71
36 1.18 3.59
345 2.11 3.05
418 0.82 0.54
68 3.91 1.67
125 2.24 0.83
317 3.9 2.47
410 2.76 0.59
178 0.66 1.4
386 1.65 0.94
179 0.95 2.87
238 1.37 0.63
344 3.83 2.75
417 3.94 2.19
414 0.85 0.85
70 1.84 3.71
55 0.24 0.27
99 0.84 0.26
304 0.42 2.3
100 2.27 3.39
264 1.04 2.37
45 1.62 2.08
189 0.02 2.1
140 3.99 2.71
387 2.08 3.95
241 3.66 2.0
415 0.15 3.78
248 0.19 1.88
230 1.41 1.68
203 2.87 3.92
50 3.25 2.57
341 2.61 3.77
266 1.94 0.48
167 1.73 2.14
28 1.23 2.54
198 3.97 2.66
382 1.98 2.04
362 1.95 2.97
224 0.93 3.96
220 3.67 3.58
78 1.14 1.56
5 0.51 2.81
275 1.12 3.86
1 3.11 4.21
276 1.8 0.34
67 3.22 1.55
79 0.28 4.14
403 3.79 3.99
287 0.87 0.33
298 4.07 3.26
347 1.45 0.5
237 0.04 0.25
169 1.61 3.62
218 3.68 0.52
312 2.18 1.35
207 2.54 0.68
20 2.56 0.58
149 3.7 3.69
222 0.43 3.28
408 4.15 0.67
177 0.06 2.18
273 2.59 2.58
394 0.55 0.73
274 1.85 0.7
256 0.09 1.66
373 2.73 1.0
35 2.49 0.12
419 0.64 3.01
58 1.63 0.38
195 4.01 2.01
97 3.96 2.61
391 0.13 3.18
204 2.29 4.1
334 0.78 2.24
232 1.46 0.96
13 2.64 3.68
234 3.13 2.34
227 1.08 0.64
301 2.43 2.85
365 4.11 3.14
269 3.35 0.51
82 3.08 1.92
393 2.39 1.62
367 2.21 1.33
311 0.83 4.0
10 0.86 1.19
80 4.12 0.36
39 3.31 1.21
57 0.97 0.91
18 4.16 1.38
255 0.3 3.07
355 3.37 3.04
93 0.92 2.02
71 0.61 2.65
294 0.16 2.22
52 2.31 3.7
326 2.55 0.13
390 3.46 3.88
181 2.47 4.04
321 1.93 2.51
346 3.4 2.89
38 2.68 0.95
356 2.67 1.63
109 0.03 2.11
89 1.22 0.39
400 0.11 1.51
165 0.17 2.59
278 2.25 4.13
61 2.07 1.87
368 0.39 3.35
164 3.29 1.5
397 1.48 3.09
188 3.53 1.31
122 2.98 4.05
375 3.34 3.8
340 0.45 2.94
247 1.29 3.83
374 0.75 1.8
336 0.33 4.09
272 1.38 2.07
233 1.05 3.81
186 3.3 1.91
24 1.27 0.79
60 1.6 3.02
27 0.44 3.36
86 0.47 0.29
364 1.56 3.64
260 0.6 2.27
17 0.23 3.27
72 3.88 1.46
250 3.69 1.95
23 0.99 1.2
307 0.65 3.38
265 2.34 0.07
285 1.86 4.11
12 1.74 4.03
34 1.54 1.03
40 3.6 0.46
142 0.74 0.22
412 4.02 2.95
131 0.37 2.96
51 1.7 1.6
29 3.54 3.3
19 2.57 0.3
158 2.16 3.67
296 3.16 2.62
94 3.18 3.73
166 1.67 1.02
363 3.44 2.33
405 1.09 3.03
381 2.81 1.48
411 3.64 3.31
360 0.53 3.11
257 2.48 2.21
422 3.92 3.16
127 2.6 0.92
65 0.48 2.28
270 1.91 2.31
325 1.51 2.36
172 3.06 3.66
268 2.1 3.54
280 1.49 1.39
316 3.21 2.91
246 3.12 2.29
205 4.22 1.06
335 4.2 3.63
199 1.15 2.67
202 0.27 2.76
26 3.95 2.05
31 3.59 2.88
182 3.24 0.4
180 2.7 1.74
320 2.41 3.0
154 3.61 1.69
66 2.26 1.82
261 3.74 2.68
59 3.81 3.79
388 3.05 0.9
3 0.72 2.16
32 0.35 3.2
337 4.1 0.69
236 2.46 3.41
379 4.04 1.93
212 3.19 3.33
143 0.63 1.07
184 3.8 2.63
30 2.12 4.17
328 1.2 1.73
192 0.69 1.26
385 3.76 1.27
281 1.57 1.36
139 0.56 1.09
25 2.03 3.13
41 4.14 1.22
354 3.73 0.77
112 2.85 0.32
359 1.52 0.61
398 4.09 0.98
423 1.87 1.13
293 0.32 0.02
137 0.18 2.6
380 1.13 3.97
421 2.04 1.7
343 3.28 1.52
201 3.41 4.15
76 0.2 0.35
157 2.71 2.73
267 2.02 0.31
115 3.5 1.14
95 0.36 1.45
389 3.26 0.05
297 1.9 3.84
263 3.49 0.82
229 3.2 1.29
401 3.52 1.05
14 2.05 1.25
119 1.81 0.01
