135
14 1.11 1.28
121 1.75 0.72
124 3.62 0.12
128 2.37 1.05
100 3.37 0.47
131 0.38 0.86
81 4.59 1.23
59 1.74 0.01
99 0.6 1.34
55 4.48 0.71
65 0.36 0.66
48 3.55 0.4
127 4.7 0.78
71 1.43 0.45
29 4.04 0.46
123 4.5 0.03
122 3.0 1.11
66 1.71 0.93
34 3.89 1.15
28 3.67 0.76
102 2.22 1.21
53 2.26 1.26
86 2.23 1.12
35 3.77 0.02
30 1.81 0.19
33 3.57 1.18
117 2.06 0.94
77 1.38 0.27
42 4.1 0.16
92 4.2 0.64
8 3.09 0.1
98 0.87 0.32
46 1.7 0.08
67 3.11 0.83
11 0.14 0.59
132 0.22 0.48
23 2.76 0.24
3 1.24 0.95
18 3.45 0.7
129 3.49 0.9
70 0.53 0.21
68 2.81 1.06
13 4.75 0.42
114 1.79 1.22
87 4.51 0.91
91 2.67 0.62
54 3.5 0.98
82 2.97 0.67
93 2.44 0.89
4 1.09 0.61
103 3.29 1.24
27 2.42 0.57
90 0.35 1.33
1 0.84 0.8
135 2.9 0.69
5 2.19 1.17
31 4.74 0.15
10 4.57 0.26
80 0.92 1.14
105 4.56 1.09
74 1.87 0.92
72 0.65 0.09
22 2.57 0.04
44 4.15 0.55
84 2.33 0.81
56 3.68 1.07
47 3.2 0.49
120 3.95 1.04
110 2.5 1.19
2 0.93 0.35
61 1.18 0.52
97 2.16 0.97
60 1.98 0.28
79 2.12 0.75
104 1.69 0.29
15 1.42 0.36
49 2.8 1.31
58 2.83 1.3
39 1.68 0.14
89 4.89 0.37
64 1.22 0.13
119 1.61 0.68
126 2.21 1.03
25 0.23 0.77
63 0.28 0.88
101 3.63 1.32
96 1.44 0.17
43 4.52 0.96
107 4.66 0.39
83 4.17 0.85
7 3.7 0.82
109 2.64 1.1
130 1.53 0.87
32 4.41 0.73
95 3.24 1.29
41 0.78 0.2
88 3.1 0.11
38 3.97 1.25
112 0.08 0.63
50 3.18 0.31
85 4.95 0.99
17 1.5 0.23
26 2.25 0.3
36 4.43 0.6
52 0.74 1.35
20 0.83 0.44
115 4.73 0.79
94 3.14 1.01
6 4.92 0.74
78 4.34 1.02
108 0.86 1.08
45 2.78 1.13
73 4.05 0.5
12 0.12 0.06
118 3.4 0.38
19 2.09 0.84
24 4.0 0.41
21 1.85 0.56
40 4.53 0.53
116 2.4 0.33
62 0.97 1.27
76 1.06 1.16
113 3.41 0.65
106 1.82 0.07
134 3.15 1.0
111 0.09 0.58
57 0.99 0.22
51 0.15 0.05
75 1.02 0.18
9 1.64 0.34
125 2.35 1.2
133 4.12 0.51
69 1.05 0.25
37 4.67 0.54
16 3.19 0.43
