479
353 4.73 5.39
71 2.99 0.58
472 0.7 2.29
247 2.28 3.32
360 2.32 0.3
206 0.81 1.25
234 2.68 5.0
270 0.98 4.79
83 2.06 0.18
151 3.32 4.6
188 4.19 0.9
49 2.67 5.33
42 0.75 4.86
267 0.12 4.36
417 2.64 3.63
410 2.1 0.68
179 0.24 0.34
33 4.29 0.52
357 1.28 3.96
308 2.08 0.99
409 1.4 4.85
134 4.66 0.07
73 3.24 5.51
362 4.61 3.82
445 4.75 4.91
265 1.89 1.97
297 3.91 4.34
40 4.32 3.81
169 3.5 2.48
370 4.51 2.9
389 0.85 4.22
148 0.54 2.11
96 3.82 3.75
404 0.4 1.7
424 1.48 1.75
193 1.52 2.09
295 3.21 2.97
328 1.51 1.34
258 4.79 3.85
388 4.11 1.79
248 1.13 1.71
312 1.45 0.32
132 0.65 3.29
392 3.35 1.03
240 0.22 1.31
229 0.66 2.44
225 3.86 2.07
127 2.33 1.96
180 3.6 2.27
106 2.39 3.7
186 3.8 1.94
350 2.3 3.74
390 1.96 0.43
476 3.44 0.56
111 0.34 0.04
183 1.1 2.03
37 4.21 3.87
27 3.12 3.43
429 3.27 4.63
351 4.13 1.86
220 3.58 3.3
141 0.52 0.21
91 3.94 0.29
13 4.56 0.75
187 2.2 0.65
172 4.17 5.18
326 1.18 1.65
434 1.85 3.12
418 2.0 4.06
433 3.07 1.27
95 3.96 2.62
325 0.72 3.5
20 1.26 5.48
2 2.71 1.11
198 0.51 4.53
440 4.08 0.35
315 2.63 4.45
376 4.39 2.18
88 1.68 0.54
39 4.68 2.94
51 2.76 4.48
98 4.6 0.41
296 0.09 2.05
447 0.28 5.32
452 1.27 3.52
431 2.65 5.13
395 4.53 3.56
43 3.95 1.41
79 3.69 2.04
149 4.69 4.11
365 0.58 2.57
373 1.53 4.04
102 4.0 3.65
449 1.97 4.21
124 1.98 3.69
479 2.47 3.76
380 4.36 2.99
190 3.53 4.27
427 2.93 0.87
196 3.76 2.0
170 1.77 1.98
414 2.35 4.52
471 1.0 1.61
324 3.83 2.01
405 0.8 0.12
382 0.6 1.06
444 0.45 5.23
128 0.02 2.5
264 3.55 2.91
454 1.04 3.45
130 4.55 4.75
441 4.5 1.33
421 3.38 4.17
236 4.48 1.2
152 2.27 0.81
118 1.66 3.24
233 1.99 3.57
142 1.84 2.77
63 2.44 2.08
217 2.98 2.81
262 4.05 4.39
11 0.15 0.83
305 1.01 5.44
287 3.81 4.46
59 2.88 4.07
302 2.89 2.72
381 1.03 4.66
194 2.83 2.69
291 3.18 1.83
156 1.2 4.81
214 4.77 1.0
28 4.31 0.86
72 0.35 4.18
199 2.62 1.76
204 3.85 3.15
310 2.69 1.87
387 3.14 1.19
150 4.14 0.61
116 3.93 1.17
285 1.69 4.31
26 3.34 0.51
62 0.83 0.98
311 3.98 1.63
408 0.9 1.04
8 3.78 1.93
161 3.04 0.71
313 4.58 5.15
251 2.72 4.41
181 3.28 2.58
192 0.92 1.36
318 1.36 1.6
259 0.62 4.42
428 3.16 2.15
358 1.22 2.52
115 3.01 4.19
277 2.78 4.08
174 1.94 1.99
231 1.47 3.34
347 3.54 3.11
290 1.44 0.19
126 2.85 1.72
155 0.32 4.7
84 1.88 1.14
226 2.07 0.62
475 4.44 2.21
336 4.45 2.67
391 2.61 0.46
35 4.78 5.31
213 1.21 0.73
369 3.2 0.06
334 2.42 3.22
123 3.39 0.8
407 3.75 2.49
113 2.45 0.27
81 3.74 2.64
14 1.38 5.24
321 1.41 3.37
316 1.19 1.37
53 0.88 3.4
171 0.94 2.14
208 1.58 1.91
462 0.26 2.87
131 2.97 2.39
164 1.11 2.92
413 3.37 1.26
76 0.06 5.01
167 0.43 3.18
275 3.02 5.4
398 0.14 2.24
371 3.25 2.88
211 4.27 5.47
341 2.54 2.42
112 0.19 5.03
383 3.48 5.09
279 2.5 5.14
470 2.51 1.44
15 2.66 3.41
331 1.62 2.3
74 1.7 0.79
30 4.01 3.35
47 2.91 2.98
260 2.7 5.37
60 1.78 3.46
333 3.68 0.94
249 3.62 1.51
294 1.8 0.57
129 3.05 1.46
338 2.86 4.59
230 2.79 4.09
189 3.0 5.52
205 0.33 2.38
103 2.4 0.2
403 2.84 1.01
330 0.31 3.95
38 1.25 1.89
332 0.01 1.45
453 1.75 2.61
396 0.57 0.02
298 3.33 4.72
359 0.71 2.51
419 4.07 3.83
166 0.2 1.54
426 1.29 5.35
145 3.29 4.3
314 1.49 4.84
157 2.38 3.33
283 2.36 1.07
394 0.05 5.28
344 4.43 2.74
135 3.64 3.78
256 1.63 2.02
457 0.3 2.13
327 3.43 2.93
288 4.62 3.66
430 2.41 3.77
176 3.67 3.71
114 0.74 4.4
227 1.54 3.99
363 4.65 0.92
412 3.47 4.03
154 2.9 4.54
70 4.16 1.82
342 2.59 2.63
185 4.59 3.89
219 0.39 4.87
254 1.07 1.15
266 4.47 5.25
182 0.59 2.84
411 4.35 0.69
223 2.92 4.05
195 1.46 0.45
271 4.15 1.13
4 2.15 0.48
437 0.21 1.43
406 4.33 3.59
241 4.02 0.72
212 2.31 2.79
473 0.82 1.74
21 4.23 1.92
300 3.61 1.47
323 2.26 3.27
159 0.73 5.36
465 3.11 1.68
45 0.17 0.88
92 4.3 3.55
107 0.69 3.51
263 0.5 4.64
158 2.55 5.43
284 4.42 4.12
346 4.63 3.23
349 2.94 0.91
238 2.12 1.53
335 3.42 1.59
432 1.76 2.54
101 3.4 3.72
143 0.27 1.8
24 3.72 3.42
16 2.24 3.68
175 2.16 4.9
140 0.36 1.84
269 0.95 5.27
329 0.77 3.05
368 3.84 3.47
191 3.03 1.66
110 2.81 2.53
301 1.82 0.31
69 2.73 1.67
133 2.17 2.86
9 2.8 0.97
399 3.7 0.76
1 4.74 3.36
415 1.02 4.25
463 2.43 4.51
435 2.22 3.38
82 3.89 2.71
215 1.67 4.15
474 4.41 1.85
173 2.74 3.17
425 0.23 4.69
121 2.13 4.74
94 0.53 0.28
163 0.04 5.41
320 1.37 4.57
250 2.82 2.1
401 4.64 0.22
36 4.22 1.42
218 1.86 3.73
61 4.7 2.25
209 0.61 0.1
361 4.1 0.49
239 2.29 3.79
286 2.53 3.97
436 4.34 4.24
306 2.58 1.95
458 2.6 1.56
309 1.74 2.83
34 1.35 2.47
375 3.06 3.04
278 2.23 3.53
232 4.72 3.98
438 2.11 4.93
177 0.29 1.08
178 0.63 4.49
246 4.24 4.43
216 1.39 5.46
93 1.79 4.76
443 3.26 2.8
202 1.81 0.01
68 0.49 5.07
282 3.92 3.9
307 2.25 4.68
120 0.68 3.01
244 0.42 0.55
416 4.4 0.6
255 1.93 2.66
461 3.15 0.82
460 1.42 1.16
10 1.83 5.22
99 3.49 2.43
319 0.44 0.23
245 3.65 5.08
356 4.2 1.9
207 1.09 0.67
52 3.97 3.44
50 3.23 5.29
450 1.59 3.14
221 4.38 0.38
442 0.46 1.77
117 2.75 1.02
317 0.78 0.74
261 3.77 4.61
139 3.99 1.05
343 2.14 0.26
55 4.49 5.17
122 2.96 1.57
364 4.37 1.73
147 1.08 0.36
280 1.71 2.76
104 0.03 2.28
352 3.52 3.08
108 1.92 5.5
46 1.23 2.17
144 2.52 3.02
5 2.95 4.32
423 1.33 4.65
7 0.89 4.5
299 4.18 0.59
197 2.48 0.16
402 0.55 0.7
119 3.73 1.35
25 3.56 3.48
456 4.04 4.58
478 1.65 4.96
222 3.17 3.84
224 4.57 4.71
340 2.37 2.6
31 1.15 1.3
385 1.6 3.49
393 0.08 4.95
32 4.46 0.11
210 1.9 5.12
397 3.13 2.34
459 0.47 2.23
235 0.41 4.94
77 3.1 0.53
281 0.11 4.0
87 4.06 3.1
468 4.26 3.8
66 3.19 4.2
58 1.06 4.02
378 1.31 3.39
90 2.49 4.37
292 1.3 1.58
289 2.03 4.33
160 3.51 1.48
304 0.99 1.29
439 4.76 3.03
420 3.9 1.24
64 3.36 0.09
85 0.84 5.2
146 3.31 0.64
97 3.41 0.95
89 3.3 0.17
477 0.38 1.4
466 1.87 4.73
400 1.32 0.14
109 3.71 0.24
366 3.09 1.5
252 1.43 4.88
80 2.04 0.03
273 2.05 4.44
386 0.37 1.23
203 3.08 3.88
322 2.02 0.85
276 0.1 0.78
451 4.12 4.35
29 3.57 4.97
242 1.5 5.45
293 3.79 2.89
86 1.14 0.37
184 2.09 5.19
253 2.19 0.42
22 2.77 2.12
455 1.34 5.04
105 1.61 1.64
137 0.67 4.83
125 0.86 4.99
75 3.22 0.39
243 1.57 0.15
165 0.25 0.84
57 0.13 2.2
377 2.21 4.82
355 3.46 1.55
272 2.01 3.26
162 1.12 3.93
48 4.54 4.55
337 3.87 4.1
6 0.96 3.06
446 1.24 4.13
18 1.16 1.39
136 4.03 3.54
138 2.57 3.0
200 1.56 1.22
348 0.91 5.3
228 4.67 1.88
23 1.64 1.78
379 2.87 2.46
268 1.91 5.1
339 0.07 1.21
78 4.09 0.89
237 0.76 2.65
54 0.87 4.62
422 0.97 0.13
372 3.66 2.37
65 1.05 4.8
354 3.63 0.77
19 4.52 4.78
3 1.73 4.29
41 2.56 2.22
303 0.64 2.35
374 2.46 3.91
67 3.88 3.2
201 1.72 5.02
345 0.18 0.33
12 4.25 5.06
56 4.71 5.26
448 0.79 4.23
467 3.45 2.4
100 3.59 3.61
384 1.55 4.01
153 1.95 3.28
274 0.16 1.69
257 0.48 2.7
44 0.56 2.45
464 2.18 1.62
168 2.34 1.32
469 0.93 0.5
17 4.28 5.05
367 1.17 2.36
