80
9 1.3 1.18
25 0.86 5.29
78 0.82 5.97
43 1.01 3.71
18 1.19 8.25
5 1.39 3.96
72 0.71 0.37
38 2.27 7.52
39 0.17 2.86
26 0.2 8.1
27 1.84 1.46
70 1.55 8.31
65 1.4 4.76
76 1.2 2.79
10 2.38 3.76
12 2.01 5.81
74 2.0 6.3
6 0.65 5.44
48 1.35 2.12
57 1.36 6.7
21 2.23 5.77
63 1.6 0.89
75 0.84 7.93
56 1.32 4.11
44 0.3 1.95
40 2.42 1.07
11 1.7 1.7
14 1.78 6.92
45 2.04 6.51
34 1.37 3.12
69 2.2 5.43
52 0.64 5.6
20 1.07 5.51
64 1.13 1.32
16 1.58 4.78
4 0.52 1.84
19 2.14 7.85
28 0.63 3.05
67 1.45 7.65
13 0.91 0.52
30 0.41 6.09
31 0.51 6.96
68 1.04 1.69
35 0.34 0.78
71 1.98 5.1
79 1.72 4.37
1 1.16 2.24
33 0.31 7.79
51 1.29 3.64
42 0.99 0.66
54 1.43 4.5
60 0.39 5.85
24 2.24 4.69
66 2.22 4.55
53 2.16 4.97
58 1.65 4.08
29 2.08 5.57
61 1.52 5.58
2 0.74 4.82
41 0.73 1.23
80 0.14 4.89
36 2.12 6.78
49 2.25 5.66
15 1.71 3.34
22 1.33 7.75
32 0.47 6.02
62 0.33 1.78
46 2.33 7.12
8 2.29 4.01
7 1.91 2.88
37 1.8 0.44
17 2.1 3.73
73 0.07 7.05
47 0.9 7.42
50 0.32 5.71
59 0.62 2.22
77 1.11 3.67
55 2.32 0.53
3 1.85 4.7
23 0.43 1.1
