117
114 3.07 0.12
110 0.62 2.51
80 1.69 1.3
106 3.67 3.42
51 2.09 1.5
104 3.18 3.47
18 3.0 5.17
107 3.47 4.1
73 0.16 1.86
69 0.65 4.57
38 0.38 5.1
52 1.27 3.33
11 0.46 0.06
53 3.62 3.37
79 0.99 4.51
105 2.58 3.46
25 2.88 4.63
37 2.15 1.99
32 0.77 1.35
17 3.7 0.8
8 2.92 0.89
24 0.7 4.77
91 0.23 0.13
22 2.0 0.18
88 3.11 4.96
90 3.2 1.34
72 2.2 4.29
63 0.66 3.51
57 2.34 1.65
36 1.81 2.12
23 2.81 1.73
97 0.61 1.7
92 0.39 3.98
75 0.08 0.82
3 1.94 3.29
102 1.86 4.71
86 3.16 2.91
85 0.02 0.77
50 1.03 4.68
76 1.67 4.7
41 1.88 3.44
33 2.69 4.99
95 1.57 3.64
45 1.72 4.36
64 2.96 5.05
26 0.68 1.61
100 3.06 3.94
46 2.47 0.08
13 1.18 3.14
30 2.75 0.36
4 3.63 3.65
108 3.72 0.53
9 1.17 0.33
103 1.01 1.95
55 0.9 4.69
112 1.1 0.9
15 0.3 4.62
14 3.37 1.39
74 3.26 2.78
94 3.24 3.41
77 3.73 2.71
78 0.45 4.97
68 3.31 5.15
42 1.85 0.59
70 2.08 2.23
56 2.3 0.47
28 1.02 2.88
101 2.43 3.48
39 3.44 3.91
10 2.66 4.05
47 2.67 1.53
60 0.48 2.64
54 2.35 0.76
61 3.38 5.25
111 2.72 2.06
31 3.46 0.2
66 0.27 4.78
1 2.74 1.33
34 0.84 1.89
89 3.33 0.34
116 3.49 4.49
19 2.61 1.96
29 0.75 5.18
40 0.36 5.34
2 3.56 3.54
83 0.26 0.75
21 2.94 4.8
43 0.88 3.81
115 0.81 3.6
82 2.63 1.28
71 3.74 0.56
113 0.78 1.51
67 3.04 2.21
12 2.54 4.41
6 0.43 0.92
87 1.31 4.23
109 1.91 4.43
7 1.74 1.14
62 1.15 0.63
98 0.04 0.51
96 1.39 0.42
5 1.62 3.78
44 3.14 3.39
20 3.59 0.19
48 0.11 4.74
93 1.06 4.15
16 2.86 2.09
49 2.32 0.66
99 1.12 1.21
35 3.17 0.96
65 0.1 3.88
84 0.4 2.5
81 3.76 2.15
27 0.12 2.33
117 3.36 1.83
58 2.24 1.27
59 1.29 0.31
