270
43 1.55 7.85
161 1.73 1.01
196 2.69 7.65
129 2.53 3.18
45 1.77 5.59
178 3.44 4.87
137 2.68 2.93
165 0.88 1.12
218 1.74 3.07
226 1.1 0.94
175 3.72 6.65
166 0.96 6.76
100 0.48 1.19
34 3.32 3.4
154 2.85 7.3
35 0.85 3.03
124 0.61 0.25
116 2.01 2.54
107 2.44 4.24
270 1.37 3.69
232 0.37 5.98
29 1.43 7.27
192 1.26 7.01
79 0.06 2.67
61 1.06 4.34
200 3.62 1.39
82 3.12 1.43
268 3.45 5.55
135 1.45 1.15
10 0.08 7.18
176 3.56 5.33
186 3.53 3.47
63 2.55 1.99
177 3.68 7.02
76 2.02 6.86
108 3.66 0.22
84 1.75 0.84
266 2.59 6.21
211 3.08 6.23
44 1.58 0.19
75 2.58 3.44
198 0.73 2.96
95 0.63 1.09
49 2.75 8.29
206 0.64 0.23
81 1.81 2.53
64 1.53 1.29
164 0.84 4.0
32 1.83 2.27
255 0.16 6.94
36 2.31 1.38
213 0.97 1.33
117 0.69 1.69
96 3.7 5.04
144 2.67 4.15
28 2.92 4.25
156 1.61 4.76
118 0.14 1.4
87 2.94 6.96
159 0.77 4.54
18 1.65 7.99
183 0.87 4.7
9 1.07 8.28
110 1.23 2.7
66 1.39 0.04
219 3.57 5.02
140 0.34 8.19
248 2.23 7.46
2 0.66 7.64
101 1.24 6.61
233 3.27 5.27
205 1.2 5.07
6 0.35 8.41
167 1.0 0.29
179 2.87 0.82
125 3.35 4.3
93 1.82 0.34
242 3.71 3.76
136 3.74 2.97
222 3.23 0.38
194 3.25 4.64
19 2.12 7.93
48 2.5 4.27
152 3.24 7.09
38 2.39 3.39
145 3.42 1.74
27 2.72 0.61
155 2.45 6.02
31 2.93 5.08
201 2.62 4.36
91 0.21 1.56
22 3.21 2.8
227 2.29 4.08
42 0.9 7.68
236 1.84 6.78
132 0.02 5.72
184 1.02 2.4
238 0.5 8.23
62 2.4 3.09
188 3.64 3.79
114 2.61 0.67
11 3.48 7.17
78 0.32 8.37
58 1.48 0.02
185 0.04 6.41
59 1.99 2.31
126 2.76 0.42
170 0.12 5.96
65 2.51 8.46
209 3.31 5.76
235 0.81 4.77
151 1.34 0.28
247 1.94 3.97
1 1.5 2.74
254 3.33 0.5
106 1.4 3.35
191 1.96 6.73
109 2.71 1.36
14 1.59 0.35
37 1.28 3.49
190 0.55 3.9
263 2.89 3.23
89 2.13 3.58
83 1.72 1.73
224 2.11 5.58
98 3.6 6.06
104 1.49 5.45
260 0.13 3.54
261 3.29 1.59
102 2.07 6.15
138 3.26 1.44
12 3.65 3.25
40 0.92 6.89
105 0.23 2.47
119 2.34 5.06
216 3.61 6.18
112 2.35 2.03
256 3.5 2.22
73 2.18 5.95
74 2.37 4.97
257 1.67 5.11
240 0.95 6.49
269 0.39 2.59
157 1.9 6.43
148 2.79 7.87
243 3.52 4.95
17 1.46 1.65
202 1.78 6.53
15 0.29 2.86
158 2.32 2.32
258 0.15 4.11
25 0.27 8.3
139 3.4 2.08
249 2.73 3.01
55 2.03 4.02
181 2.54 4.69
33 0.31 1.26
195 1.04 4.66
86 3.77 6.57
142 1.35 2.34
90 0.56 7.25
103 3.1 3.38
120 0.09 3.83
173 0.59 2.39
26 1.69 2.5
210 3.51 1.1
225 1.68 3.81
168 3.75 4.29
174 0.52 3.41
111 3.18 2.55
180 3.49 2.89
252 3.55 1.05
223 1.57 1.37
123 1.42 5.84
16 0.57 0.3
230 3.19 5.0
72 2.33 2.66
208 2.78 7.38
262 0.41 2.06
267 1.17 1.52
215 1.88 4.48
203 2.43 2.1
207 0.83 2.63
259 3.14 2.23
88 3.3 4.68
253 1.51 4.1
199 3.59 7.49
5 0.62 6.75
197 2.17 7.92
163 1.33 5.61
265 0.51 8.2
149 1.76 7.41
52 0.28 5.15
51 0.18 7.81
30 0.8 3.71
189 3.0 2.43
80 2.56 4.73
71 3.63 7.74
172 1.41 4.42
56 1.64 5.93
244 2.46 7.66
92 1.01 6.27
57 2.83 2.57
121 0.6 0.95
169 0.58 2.15
187 2.38 3.59
217 0.68 7.89
7 0.67 6.48
239 0.05 5.14
264 2.08 1.49
4 3.38 5.7
133 0.44 0.49
153 1.22 7.2
60 2.63 3.42
130 3.17 7.58
128 1.6 2.49
23 0.7 6.55
13 0.91 7.31
99 1.18 0.01
241 3.41 7.1
67 3.47 0.96
131 3.69 8.07
41 0.78 6.24
97 1.86 1.53
229 2.04 0.57
134 2.66 0.9
150 0.47 7.73
127 0.93 0.59
231 3.73 3.93
204 0.46 7.62
54 3.76 6.32
69 3.07 3.89
70 0.89 2.65
85 2.24 6.97
237 1.7 0.37
221 2.9 2.85
47 1.85 7.75
146 3.04 2.62
68 3.01 6.2
113 0.94 1.79
39 2.26 1.22
8 2.95 7.35
251 1.92 0.86
20 1.56 3.19
53 2.3 4.31
162 0.33 4.89
160 3.43 7.33
21 3.36 2.76
234 0.54 0.93
250 1.98 5.99
50 1.29 2.56
46 1.91 6.67
3 2.47 2.46
94 2.09 1.25
214 2.88 6.09
24 2.28 8.22
141 0.25 0.46
193 1.27 5.32
77 3.58 7.11
143 0.22 5.28
245 3.54 1.34
212 2.41 7.98
182 0.86 3.92
122 0.71 4.79
228 0.1 5.34
115 3.02 2.88
246 0.36 1.31
220 3.37 1.57
171 2.99 3.87
147 0.65 5.78
