384
1 1.92 0.75
2 1.4 0.15
61 3.68 3.09
227 0.22 0.53
375 2.21 0.16
47 1.3 2.03
82 1.25 0.8
319 2.38 2.63
115 0.57 0.09
325 1.89 0.84
266 0.74 2.07
355 2.74 2.72
176 0.37 3.27
142 3.53 2.95
163 2.26 2.54
178 0.04 1.55
351 3.12 1.04
207 0.84 0.46
340 0.23 3.17
357 0.79 1.14
381 0.3 2.28
59 0.56 1.64
185 0.86 0.91
347 3.4 1.33
277 0.78 3.05
292 1.1 2.55
35 2.99 1.82
221 0.28 1.17
236 2.46 0.14
188 0.53 0.74
170 2.71 1.12
197 1.2 3.0
100 1.22 0.82
9 1.16 3.53
156 3.22 1.56
296 2.86 1.42
12 0.66 3.15
128 0.65 2.37
88 0.42 2.47
248 2.72 1.96
146 0.49 3.71
67 3.06 0.86
80 3.64 0.72
102 1.15 0.83
244 2.37 2.66
282 3.28 3.36
157 2.33 1.75
186 1.95 1.09
200 0.94 0.05
81 3.05 1.48
151 0.13 2.16
78 0.63 0.44
287 2.45 2.62
105 0.02 0.34
21 2.13 0.52
27 0.29 0.06
279 1.37 2.2
273 3.49 0.69
209 1.02 1.77
329 1.76 2.68
283 1.81 3.18
95 3.83 2.73
327 0.25 1.61
281 1.9 2.18
90 1.87 1.21
153 2.91 0.26
210 1.84 1.92
275 3.48 2.25
57 0.8 0.42
203 1.74 0.41
212 1.36 0.68
39 0.62 2.65
8 2.58 0.95
68 2.35 3.48
264 3.65 0.38
148 0.88 3.02
219 1.54 1.31
201 2.87 0.77
33 1.01 0.94
154 3.11 1.0
130 1.72 1.68
261 1.97 3.2
368 0.01 1.13
123 0.08 3.06
162 2.25 2.48
65 0.38 2.09
334 2.56 0.99
238 0.43 1.63
194 2.06 1.37
96 3.66 2.51
339 1.75 3.83
180 0.35 0.12
332 2.83 2.52
15 3.04 2.99
147 0.71 3.01
190 2.32 3.12
49 1.32 0.22
202 0.48 0.25
164 3.35 0.13
253 1.47 1.84
136 2.64 1.23
289 2.15 2.79
361 3.32 1.81
234 3.84 1.93
226 3.01 1.65
224 2.16 3.14
321 0.64 0.64
46 1.05 0.88
141 2.41 0.28
246 1.09 2.21
384 3.37 2.4
208 3.72 2.67
229 2.36 0.48
118 2.63 0.45
166 3.25 2.39
265 2.24 3.23
131 0.03 1.1
193 2.67 2.32
106 0.89 1.95
138 1.86 1.06
152 0.91 2.8
20 0.2 0.56
189 3.59 3.57
133 2.57 1.57
376 2.07 1.27
119 3.38 3.28
168 3.07 2.01
14 1.26 0.59
124 3.78 3.43
92 2.31 0.49
83 2.54 2.12
63 2.61 3.04
86 2.89 1.49
127 1.71 1.89
54 0.61 2.08
103 1.82 2.85
323 1.14 0.98
134 1.17 3.29
167 2.95 1.79
53 3.8 0.11
195 3.21 3.55
250 1.03 0.08
363 1.49 0.7
114 0.41 3.8
260 0.87 3.35
36 1.79 1.16
75 0.5 0.85
89 2.43 2.43
213 2.5 2.15
348 2.52 0.62
353 2.68 2.45
230 0.05 3.66
169 1.5 2.24
204 2.97 0.19
56 0.6 2.3
274 1.33 0.92
145 0.52 3.03
249 3.44 1.62
74 2.17 1.76
298 1.51 2.57
237 1.19 3.41
382 3.73 2.82
272 1.62 2.71
223 0.82 0.37
140 3.74 1.39
174 2.76 1.35
198 0.99 2.81
255 0.67 1.66
383 0.69 3.58
308 0.77 1.11
311 2.88 3.08
76 2.14 0.24
184 0.98 2.5
302 3.51 2.33
232 0.59 0.21
111 3.08 2.59
144 2.19 0.76
240 3.29 3.59
143 2.29 2.35
98 1.58 0.01
313 3.33 2.91
113 1.11 3.1
369 0.33 0.6
256 1.53 3.44
231 2.47 1.2
318 2.94 2.26
175 1.43 0.27
341 1.13 2.36
344 3.18 3.72
24 2.7 2.23
50 1.73 3.46
257 3.15 1.67
220 0.39 0.03
120 1.34 2.76
122 3.69 2.83
254 1.48 2.42
108 2.79 3.68
270 0.47 3.16
268 1.61 0.93
187 1.39 1.69
367 2.78 1.24
7 1.21 1.72
336 3.79 3.25
10 0.44 1.94
301 0.24 2.02
25 2.04 2.14
309 2.93 3.33
11 0.75 1.86
360 2.84 1.38
79 0.92 0.54
307 1.78 1.28
320 2.96 1.99
13 1.28 0.5
258 2.09 0.61
150 0.17 2.84
317 1.94 2.29
262 3.47 1.6
217 3.76 2.89
278 2.6 3.76
241 1.7 0.29
286 3.56 2.92
291 2.48 1.74
338 3.71 3.24
181 2.82 3.49
85 3.3 0.07
135 1.68 3.38
99 2.2 2.58
324 1.27 1.3
4 2.75 1.43
129 2.69 2.86
372 2.34 1.45
252 0.96 1.44
350 2.59 1.07
72 0.06 0.35
228 1.64 3.61
42 1.56 3.65
205 0.19 2.13
294 2.98 1.52
379 0.15 1.91
380 0.45 3.3
77 1.23 2.11
159 3.75 3.21
137 2.03 2.93
66 1.07 2.69
62 0.34 3.54
87 0.1 3.78
312 0.85 2.64
31 0.26 3.42
225 0.32 2.38
70 0.54 3.22
242 1.63 0.43
343 3.09 3.11
171 3.14 1.85
374 2.39 2.31
310 3.55 0.1
245 0.83 0.23
326 0.11 1.32
179 2.65 0.4
328 1.83 3.74
362 3.03 0.67
222 3.77 3.13
304 0.81 2.22
32 1.59 0.63
358 1.35 2.53
316 0.4 2.6
215 2.53 1.98
60 1.88 1.51
116 2.01 1.46
196 2.66 3.52
206 2.23 2.04
235 3.17 3.63
352 1.8 0.78
52 3.54 3.07
41 3.62 1.83
139 3.52 1.08
132 0.76 1.5
243 3.7 3.7
161 1.98 0.51
233 0.09 1.19
378 1.57 1.26
300 2.11 3.31
40 2.4 3.5
346 0.55 3.37
17 1.44 2.88
69 0.27 2.94
183 3.36 0.02
214 3.5 1.02
288 3.26 2.34
182 0.46 0.73
337 3.16 3.73
216 1.52 3.69
191 1.04 0.9
330 0.18 2.98
280 1.67 0.81
126 0.73 3.39
364 3.41 2.27
104 3.1 0.32
117 3.34 0.33
371 1.6 3.64
199 1.46 3.82
149 3.42 3.47
370 1.93 2.9
6 1.38 1.05
97 0.14 2.1
284 2.62 2.49
125 3.31 3.77
43 1.18 0.2
269 0.07 2.44
271 1.55 2.0
64 0.51 3.34
295 0.31 0.04
293 2.8 1.03
303 0.72 3.45
299 1.24 2.05
239 0.93 2.74
305 3.23 0.36
356 0.9 0.66
267 2.02 3.62
45 1.65 0.3
18 2.27 1.41
172 3.46 0.89
19 3.61 2.97
366 1.42 3.6
55 1.99 3.4
290 1.06 0.87
165 2.49 1.8
345 3.45 2.75
333 3.13 3.56
218 1.12 0.71
94 2.51 2.78
28 3.39 1.9
335 0.7 1.4
44 0.58 3.81
177 0.36 0.58
22 0.12 0.55
315 2.92 0.39
84 3.27 1.88
342 3.58 1.97
285 3.82 2.19
251 3.0 0.17
16 2.28 1.15
73 1.45 1.25
38 2.77 1.01
91 3.67 3.26
48 3.43 1.29
112 1.31 1.34
26 1.85 3.51
331 0.97 2.46
29 3.24 3.67
173 1.29 0.57
306 1.41 1.7
71 2.0 2.7
322 2.08 1.78
192 3.2 1.73
263 2.05 2.06
158 2.1 1.36
155 3.02 2.96
297 2.85 1.53
58 1.91 0.18
34 3.6 0.65
30 1.0 1.71
109 1.77 3.79
211 1.69 0.96
37 2.81 1.58
354 2.22 2.41
349 2.55 3.19
110 2.44 1.87
314 0.68 3.32
5 0.16 3.84
276 2.42 2.87
365 3.57 1.22
259 1.96 0.79
160 3.19 2.17
107 0.95 0.47
93 1.08 3.75
359 2.3 0.97
373 2.73 2.56
247 1.66 1.47
101 2.18 2.61
377 2.12 1.54
51 0.21 2.77
121 2.9 1.59
23 3.63 1.18
3 3.81 0.31
