228
33 0.34 3.17
211 2.95 2.4
49 3.44 3.38
221 1.15 4.64
161 2.21 0.98
109 2.85 1.68
158 2.16 5.76
115 2.71 6.86
178 2.01 5.95
11 1.18 3.98
108 3.55 3.78
66 1.41 4.05
110 2.86 1.2
12 0.2 3.83
187 3.58 7.84
170 2.43 3.99
77 0.19 1.75
212 0.94 1.59
152 2.38 0.42
89 0.61 1.84
194 2.2 0.29
81 0.65 7.5
159 0.93 6.28
175 2.15 5.94
85 0.56 1.16
67 3.64 1.29
136 2.8 5.11
73 3.79 6.92
220 1.0 1.55
222 1.84 4.26
226 0.57 2.72
193 2.83 7.33
172 1.14 2.94
1 1.65 2.18
192 0.54 2.84
9 3.26 7.17
207 0.38 4.72
39 0.62 5.73
131 2.46 2.17
139 3.06 7.25
113 3.8 4.48
63 0.97 4.75
117 2.51 5.12
173 1.3 6.96
202 2.88 4.29
150 2.35 0.51
198 2.04 3.15
44 3.66 1.9
3 1.75 6.41
4 0.87 7.92
214 1.89 6.05
100 1.6 1.0
156 3.15 0.81
94 0.16 3.28
18 3.5 7.71
103 1.53 6.12
168 1.52 5.44
200 2.17 0.76
16 0.84 6.02
37 1.64 7.0
27 1.86 1.22
36 3.22 1.02
138 1.16 3.14
148 1.68 5.07
122 1.38 1.28
65 1.58 3.87
171 1.47 6.68
61 2.12 7.31
62 0.26 1.39
217 0.04 4.13
75 1.29 4.49
145 0.22 7.52
143 1.37 5.68
78 3.57 4.54
149 1.63 1.35
129 1.93 5.25
106 2.99 3.54
91 3.69 3.68
102 2.77 2.25
112 1.94 6.88
99 1.81 3.46
70 0.43 6.16
213 2.78 1.73
34 2.31 0.22
165 2.5 2.33
189 2.55 7.65
225 3.14 7.59
191 2.56 5.7
142 2.62 6.51
160 2.37 6.03
223 0.37 5.38
7 0.18 4.69
123 2.29 7.2
53 2.58 6.5
80 3.82 7.96
31 3.16 5.28
121 1.95 3.73
169 3.36 8.0
184 0.5 7.23
83 2.13 2.54
79 2.96 7.32
48 1.98 4.35
86 3.13 6.07
5 3.49 7.74
124 3.68 4.14
84 1.83 2.12
137 1.54 1.24
166 0.82 1.6
93 2.98 7.72
157 0.31 2.57
6 2.82 7.27
10 2.44 8.12
111 1.31 6.8
97 0.05 6.24
24 0.79 3.33
127 0.46 1.37
47 0.32 2.64
188 2.07 7.03
96 1.48 5.4
20 3.25 6.1
35 1.36 4.19
199 0.11 1.53
82 0.14 2.49
227 1.12 1.17
38 3.01 6.27
60 3.42 7.16
56 1.76 0.61
164 1.73 5.72
87 2.89 2.66
30 2.9 5.6
57 3.2 2.92
92 2.75 1.09
162 2.39 3.61
41 3.84 1.66
68 0.69 2.11
182 1.56 6.43
54 3.17 3.4
74 2.74 3.62
59 3.85 1.47
51 3.47 4.47
186 0.27 1.94
151 0.67 5.32
118 3.65 5.88
176 0.52 8.26
29 1.74 2.96
21 0.99 4.44
13 2.49 6.95
76 2.97 0.91
8 3.62 3.94
107 2.14 4.16
45 3.12 7.4
155 1.4 1.97
206 2.79 7.9
204 3.75 3.72
69 3.29 0.37
105 3.41 2.75
98 2.28 4.59
224 1.59 5.53
32 1.09 2.0
228 2.4 7.8
205 3.63 6.45
71 2.26 7.34
126 1.7 6.09
185 3.74 7.38
22 1.42 0.73
140 1.32 2.87
42 3.72 6.93
114 1.34 5.96
201 2.76 0.72
141 1.22 5.98
104 2.64 6.97
58 3.71 6.69
2 3.3 4.78
208 3.73 0.34
154 2.22 8.22
203 0.63 7.08
135 2.23 2.95
28 0.89 2.24
196 2.3 1.93
40 1.01 3.77
179 2.92 6.3
177 0.09 4.37
167 2.18 4.31
219 1.49 3.21
147 1.9 4.57
210 3.08 4.39
88 2.02 4.07
119 3.09 6.06
55 3.38 2.23
95 0.85 0.01
23 0.35 2.44
183 0.21 2.68
180 0.76 0.97
15 3.78 8.15
134 3.4 5.24
197 3.11 3.05
26 1.11 7.95
116 3.76 1.48
215 0.53 7.48
195 1.46 4.98
46 2.93 0.2
190 0.59 1.34
153 3.03 4.6
125 0.24 1.88
64 0.01 4.61
146 3.35 6.79
218 0.91 0.84
19 3.04 2.5
90 3.56 6.81
133 0.12 3.03
144 2.34 6.19
163 2.06 6.99
72 3.83 3.42
52 3.43 0.54
174 0.9 7.01
209 3.34 1.65
50 3.37 2.34
25 0.8 8.02
130 3.28 0.95
128 1.07 5.51
14 2.03 6.32
43 1.23 8.09
132 2.09 5.75
181 0.96 6.63
101 2.24 4.4
216 1.99 0.03
17 0.07 1.57
120 0.98 0.17
