352
294 1.56 2.38
74 0.12 2.29
54 2.08 0.05
306 2.87 3.49
188 1.96 1.87
87 1.69 1.04
214 1.85 1.19
150 1.82 3.82
251 2.64 3.69
57 2.26 2.51
24 0.21 2.86
178 2.94 2.48
261 2.36 0.63
145 2.9 0.97
161 0.37 0.59
20 2.14 3.67
136 1.35 1.69
118 2.8 1.4
83 3.49 0.42
322 1.91 0.96
212 3.37 2.84
307 0.25 1.31
191 3.41 3.62
342 1.97 1.22
109 2.93 0.16
222 3.24 3.08
100 2.32 2.96
158 1.28 2.78
274 2.75 2.98
288 1.32 3.52
172 1.22 3.09
235 2.86 0.54
28 3.12 1.42
195 0.28 1.8
270 1.73 0.93
227 0.72 0.73
221 2.7 1.82
29 1.78 2.52
332 1.72 1.67
117 0.6 0.99
67 0.85 2.01
15 1.76 0.79
295 0.47 0.53
213 1.17 0.66
323 1.03 2.28
349 2.42 3.85
48 0.61 1.53
230 2.84 1.13
281 0.59 3.11
229 1.42 3.63
347 2.35 1.23
17 2.45 0.61
232 2.01 2.55
26 1.45 1.73
21 1.6 2.1
130 0.93 3.13
318 2.55 0.48
263 1.67 3.16
122 0.29 2.37
343 2.41 2.09
63 0.92 0.31
319 3.42 2.58
211 0.75 2.18
64 3.06 0.57
241 2.78 2.89
91 0.7 1.97
301 3.48 1.71
131 2.67 1.39
147 2.73 2.75
296 0.56 0.98
69 2.18 0.37
338 1.41 0.19
244 3.1 2.11
141 0.39 3.14
282 1.75 3.61
285 0.09 2.05
4 3.16 0.8
120 2.98 0.81
146 3.44 1.54
25 0.14 3.47
164 1.93 1.56
207 2.13 1.52
237 0.45 0.4
125 2.85 1.98
98 3.43 1.14
84 1.21 0.04
303 0.13 2.87
176 1.92 0.77
228 0.22 2.61
259 1.87 0.08
58 3.36 0.84
240 0.89 0.23
159 1.94 2.92
37 0.41 2.7
148 2.38 1.75
209 2.77 1.45
217 1.61 3.75
196 2.71 2.97
179 2.63 0.2
272 0.42 3.25
101 0.79 1.27
218 1.0 1.18
315 2.83 0.36
200 0.69 3.21
135 1.08 1.41
317 2.25 1.02
156 1.68 3.3
105 0.76 2.33
56 1.37 2.17
271 3.32 0.32
66 0.84 2.62
162 2.53 0.74
80 2.09 0.6
171 2.3 3.27
36 0.81 1.79
99 0.15 1.03
153 0.78 0.13
59 2.62 0.71
344 2.58 3.73
246 0.52 1.48
305 3.28 1.88
77 0.62 2.71
345 0.34 1.25
269 1.47 1.28
88 0.86 2.83
334 0.83 1.93
40 0.63 1.78
86 2.5 3.17
333 0.44 2.49
149 3.51 0.1
292 3.11 0.45
262 3.29 2.5
38 1.12 2.34
208 2.61 3.55
89 2.4 3.07
242 0.01 1.12
94 2.96 3.12
11 0.65 0.85
33 0.51 2.22
3 0.27 3.66
283 1.36 1.76
256 1.34 3.34
243 0.97 3.01
61 0.2 2.19
320 0.07 2.14
328 0.9 3.42
204 0.66 3.19
116 1.18 3.74
132 2.34 0.88
339 3.38 3.23
62 0.35 3.2
123 0.77 3.81
65 2.19 1.34
202 1.01 0.07
203 0.23 0.52
174 3.22 2.44
170 1.7 0.72
299 1.99 3.33
277 0.96 1.35
173 0.32 1.3
252 3.33 3.87
276 1.83 1.33
309 2.89 1.95
184 3.27 1.65
35 1.48 3.89
19 1.52 2.88
351 0.74 2.47
312 2.69 2.0
121 0.02 2.26
23 3.13 1.37
104 2.43 1.81
210 1.44 3.58
16 3.07 0.95
138 3.15 0.24
180 2.07 2.65
97 2.21 1.2
350 0.26 3.03
85 2.17 1.15
314 1.39 0.5
260 1.11 2.45
106 2.29 2.82
340 3.18 2.72
169 3.09 0.78
127 0.95 3.18
44 1.66 2.16
129 1.43 1.61
140 1.98 3.43
168 1.25 2.43
128 0.19 2.93
335 0.43 1.83
76 1.19 1.86
73 2.46 0.55
187 1.95 3.06
205 2.88 2.27
311 2.37 0.89
154 0.03 3.28
81 2.27 0.92
206 0.99 1.49
51 3.14 3.78
199 1.88 3.45
10 3.3 0.15
39 1.5 1.36
43 2.31 3.57
92 1.8 1.5
151 1.74 3.76
163 2.82 0.7
326 0.16 0.91
321 0.3 0.49
177 1.46 1.57
254 3.08 2.06
186 2.1 0.41
155 2.49 2.12
190 2.2 2.64
137 0.18 1.09
220 0.73 3.29
79 2.23 2.23
45 0.24 1.68
192 1.07 1.84
31 0.91 2.42
2 0.04 2.59
143 1.06 0.28
22 1.4 0.68
110 3.52 0.18
183 1.62 0.62
96 1.84 0.26
236 0.64 1.85
134 2.22 2.32
1 1.2 0.39
346 1.53 1.6
124 1.86 0.11
313 0.67 3.8
46 2.15 1.51
297 1.02 3.0
71 3.34 3.77
12 2.03 0.09
197 1.65 3.88
152 0.88 2.94
257 0.53 3.68
325 1.16 3.48
216 0.57 2.91
302 3.0 3.6
189 2.79 1.64
284 1.24 2.85
18 3.01 1.07
267 0.31 0.34
107 2.66 2.73
258 0.05 1.92
287 2.6 2.03
193 0.87 3.38
249 2.51 2.63
247 3.35 3.32
60 2.91 3.5
290 0.98 1.1
160 1.81 0.33
6 3.05 3.37
181 2.39 0.82
201 3.23 1.32
266 1.77 0.06
264 0.33 2.69
113 2.76 0.46
280 1.09 2.95
102 2.95 3.79
231 2.54 2.15
72 3.21 0.94
330 3.31 2.31
215 1.31 1.26
223 3.25 0.38
82 2.92 1.72
304 2.33 3.44
53 2.05 2.24
32 1.9 0.29
167 1.27 3.72
111 0.58 2.77
341 3.2 0.14
139 1.54 3.41
324 1.51 2.74
126 2.65 3.04
248 2.28 2.8
144 3.45 1.62
7 0.71 2.67
238 1.04 3.02
291 1.1 1.59
331 2.04 1.99
119 2.12 1.06
286 0.17 0.25
336 2.59 2.02
93 2.0 2.2
310 0.68 0.01
157 2.44 2.35
279 1.49 0.58
298 3.26 1.9
273 2.72 1.43
165 3.39 2.04
348 1.79 3.86
108 0.54 3.51
55 2.11 2.53
278 2.68 1.77
115 1.05 3.15
8 1.55 0.02
329 1.15 1.11
316 0.94 3.7
68 0.8 3.83
233 3.47 1.38
34 0.1 3.54
219 1.38 2.9
234 0.5 1.21
289 0.36 2.21
78 1.13 1.08
275 3.5 1.01
5 2.48 0.67
50 0.49 2.57
175 1.29 3.1
245 1.14 3.56
253 1.33 2.07
185 3.46 2.13
337 3.4 0.03
14 2.24 1.46
268 0.38 0.12
300 1.26 2.79
250 2.74 2.25
133 2.16 2.66
198 0.4 3.71
42 0.48 3.64
224 1.59 0.47
226 0.46 2.3
114 3.19 0.35
95 1.3 3.31
47 1.57 0.64
265 3.17 0.17
194 2.99 1.94
90 0.55 1.29
70 3.03 1.74
49 0.11 0.65
13 2.97 1.16
293 1.58 2.81
327 0.08 0.9
182 2.52 2.76
103 0.82 3.65
27 1.64 3.36
255 2.81 1.44
41 2.06 1.0
30 1.71 2.39
75 1.89 2.46
52 0.06 3.39
352 1.23 0.27
9 2.02 0.21
308 3.04 1.63
142 1.63 0.76
112 2.56 3.35
166 2.47 3.4
239 3.02 2.08
225 2.57 2.41
