268
94 1.95 7.15
202 1.96 3.52
187 0.16 0.55
238 1.91 5.64
209 2.4 0.94
262 0.55 7.14
250 0.66 4.62
218 2.01 0.44
204 2.71 1.63
177 0.96 2.11
80 1.72 0.91
162 2.44 1.26
154 1.28 8.19
244 2.76 7.46
16 1.34 3.53
114 0.03 1.07
48 2.0 3.19
252 0.76 8.02
225 2.02 8.43
54 1.86 7.04
205 1.69 4.98
53 2.23 0.8
259 2.48 4.88
183 1.85 8.33
222 0.79 8.15
130 2.29 2.26
10 2.25 4.41
106 0.43 5.74
46 1.43 7.88
247 2.92 6.83
108 2.65 5.82
149 2.17 6.51
77 0.39 7.31
212 0.32 6.03
47 2.72 4.81
132 0.61 8.38
15 1.3 6.17
118 2.28 2.6
87 2.91 3.38
207 2.18 0.15
98 0.46 0.21
9 1.54 7.42
190 2.43 7.95
17 0.13 0.78
116 0.62 1.78
79 0.15 5.69
216 0.09 1.17
133 1.49 1.11
83 0.02 7.41
167 0.42 5.99
57 1.39 1.89
124 1.4 5.03
158 2.93 7.03
45 1.07 6.04
107 0.75 7.68
168 0.88 4.43
227 0.99 5.92
97 2.88 6.27
174 2.39 3.08
152 2.53 7.74
145 0.22 4.6
144 2.77 6.82
65 1.74 4.66
85 0.01 3.67
44 2.45 4.93
67 1.58 7.51
112 2.73 2.84
20 0.91 1.86
257 0.98 4.0
2 1.47 7.44
29 0.74 7.56
203 1.1 1.97
263 1.52 8.04
220 0.45 1.93
110 1.92 4.19
18 1.19 2.4
122 1.84 0.02
68 2.63 6.77
179 0.63 6.92
73 2.89 0.46
140 2.8 5.19
38 1.53 4.32
201 2.16 4.45
151 1.98 4.85
232 1.17 4.73
240 1.97 7.75
231 0.58 2.83
172 2.86 0.64
191 0.24 2.99
246 2.68 6.23
26 0.23 0.88
90 0.25 1.35
255 0.18 4.34
82 1.0 5.44
115 2.33 1.85
267 1.16 2.7
105 2.58 3.01
261 0.08 0.83
30 0.06 3.33
31 2.37 7.87
13 1.45 7.78
92 1.23 7.47
173 1.41 0.35
120 0.5 6.39
194 1.03 1.77
192 2.14 3.89
111 1.36 0.47
103 0.2 5.78
268 2.64 1.38
95 0.69 4.2
245 2.06 8.44
109 2.24 5.87
99 1.29 7.34
35 1.59 3.18
78 0.31 8.21
224 2.19 0.62
189 2.08 0.25
153 1.88 0.95
175 0.33 3.84
248 1.24 2.46
239 1.61 4.96
72 2.03 2.98
127 2.59 7.26
22 0.9 7.65
229 1.31 0.54
19 2.78 2.47
141 2.5 2.38
64 2.12 3.45
32 0.97 0.67
25 2.61 3.09
258 0.37 0.72
143 1.71 1.69
66 2.46 5.85
169 0.77 3.32
193 1.79 5.0
148 2.79 5.71
1 1.04 0.58
96 1.2 5.59
249 1.56 4.22
223 1.77 0.77
171 0.53 3.91
3 0.72 5.17
101 0.26 6.31
241 0.6 7.69
36 1.22 7.38
211 0.56 3.3
199 1.62 5.7
219 1.87 4.48
160 1.78 7.85
61 1.48 6.06
24 1.75 0.14
93 1.15 3.5
131 2.22 4.09
49 0.4 3.06
126 1.83 7.49
86 0.27 8.47
136 1.82 0.73
37 2.38 1.46
104 2.6 8.31
237 0.36 3.34
70 1.94 4.53
5 1.8 4.28
178 2.07 2.95
186 0.47 6.67
11 2.83 8.6
76 1.81 2.94
206 1.7 2.24
213 2.87 2.36
142 1.27 4.52
129 2.9 0.32
23 0.73 3.12
27 0.68 5.76
63 1.33 8.49
81 2.75 3.88
161 2.35 2.62
251 2.31 3.11
135 2.57 2.42
62 0.64 8.59
150 2.21 7.01
100 1.57 5.13
43 0.94 2.64
41 0.85 2.02
182 1.25 1.42
170 1.66 3.2
235 2.05 6.91
181 0.05 7.07
39 0.86 6.14
139 1.18 4.3
230 1.6 2.53
180 1.64 2.1
243 2.47 7.82
184 0.87 5.58
55 0.7 2.5
6 2.04 5.41
40 0.38 7.71
176 0.89 6.97
233 0.93 2.34
28 1.76 5.61
265 0.52 8.41
166 0.57 6.07
188 1.99 3.41
155 0.35 0.53
33 1.38 7.08
117 1.35 3.76
264 0.07 3.05
217 0.3 1.87
125 1.01 2.63
88 2.52 7.45
50 0.29 0.9
71 0.78 7.66
59 0.84 6.09
146 2.1 4.55
58 0.21 3.39
147 2.34 2.8
196 2.09 0.11
42 0.8 3.56
60 1.44 2.48
198 1.67 0.85
137 0.14 2.68
69 1.02 3.64
214 0.54 3.63
119 1.14 2.73
253 0.59 3.8
164 2.13 4.23
234 0.82 0.89
157 2.42 6.59
56 1.89 2.87
156 0.44 6.66
210 1.21 2.18
21 0.81 8.53
89 2.49 5.25
226 0.83 3.55
228 2.54 1.43
256 1.32 4.08
195 0.95 5.27
128 1.55 7.76
138 0.48 4.58
163 2.74 5.1
12 2.62 4.75
200 1.9 4.12
51 2.26 4.86
260 1.26 8.17
75 2.85 6.12
159 1.51 8.46
215 2.66 7.63
121 1.06 3.26
123 1.73 4.21
254 2.84 6.24
185 0.49 2.0
102 0.28 8.09
242 1.46 5.49
74 1.08 8.25
266 0.12 6.16
7 2.82 1.59
91 2.55 4.18
8 2.69 3.65
208 1.5 1.15
236 1.93 4.35
14 1.65 3.21
84 2.51 4.63
34 2.2 8.4
221 1.09 3.13
134 2.67 1.99
165 2.56 1.41
113 2.81 5.55
197 0.19 3.46
4 2.15 7.97
52 0.67 4.68
