70
12 6.5 2.27
41 4.41 4.39
5 1.55 7.02
70 5.52 2.95
32 1.2 2.7
68 5.76 8.44
26 1.21 6.79
46 1.88 3.7
57 5.83 0.69
2 5.08 1.91
53 4.35 6.52
49 3.21 7.48
16 2.21 4.34
50 4.42 3.24
19 5.6 1.24
40 1.59 3.18
63 5.62 0.33
65 5.77 5.71
59 3.6 5.98
27 1.83 4.09
9 3.64 6.84
4 3.28 0.9
14 1.52 8.56
13 4.76 6.67
39 4.15 2.07
36 3.56 2.48
55 1.43 0.64
38 3.51 1.53
54 4.26 5.96
42 2.86 2.45
8 6.02 1.9
35 2.77 4.95
29 1.96 0.91
43 0.75 6.93
66 1.53 8.11
60 5.56 3.63
6 1.78 0.82
10 5.82 4.96
47 1.98 1.58
17 0.26 5.25
15 6.12 6.96
23 2.37 1.45
34 4.16 7.14
51 2.47 0.93
61 5.92 7.93
58 5.17 5.62
45 5.18 5.94
48 5.29 2.89
30 3.79 4.46
52 0.53 7.9
69 4.89 5.47
1 6.43 8.69
18 3.95 4.85
21 6.07 4.91
11 1.7 6.5
31 6.29 1.59
64 0.04 4.27
24 1.19 2.36
33 3.36 4.5
28 1.61 4.64
62 1.65 3.05
3 5.67 4.05
67 4.59 8.65
7 2.28 8.32
25 1.37 7.86
22 3.49 6.12
20 4.32 2.67
56 1.24 2.88
44 3.86 1.38
37 5.1 3.22
