186
113 3.12 3.37
20 5.23 3.01
171 3.78 2.58
11 3.86 2.53
185 3.8 3.22
149 1.93 0.29
122 3.74 2.96
40 1.05 1.97
141 2.89 1.07
117 0.39 0.63
92 5.44 3.1
19 5.56 3.44
64 6.64 0.52
86 1.04 1.88
4 4.67 0.54
58 5.86 2.84
140 1.2 2.07
175 1.42 2.01
45 5.5 2.39
65 5.37 2.44
173 5.05 3.66
157 0.15 1.24
147 3.79 3.75
9 2.07 0.06
166 5.12 1.3
161 6.21 2.26
182 1.97 2.51
116 3.06 3.59
170 6.75 1.6
125 4.91 3.3
134 6.5 2.25
118 3.66 0.32
82 2.96 1.75
75 2.59 2.57
177 6.39 1.66
15 1.92 0.64
13 4.5 1.71
159 0.44 0.47
119 4.85 1.51
137 1.43 0.19
95 5.7 3.42
169 1.53 1.7
174 4.95 3.7
163 5.24 1.64
101 3.71 3.03
111 1.37 0.27
7 6.61 2.73
152 2.35 2.24
22 3.44 3.27
94 4.76 0.67
17 6.58 0.53
25 5.46 0.31
112 1.11 3.17
26 2.65 1.14
89 3.65 1.39
43 0.17 0.05
142 3.5 1.43
99 4.11 2.37
183 0.16 0.4
127 2.46 1.36
145 5.82 1.95
148 2.68 2.85
87 2.56 2.69
153 4.9 2.35
85 0.59 2.43
61 2.04 0.56
102 0.21 1.48
180 2.53 0.7
59 3.18 0.28
121 5.01 1.8
71 5.96 0.81
34 4.6 1.33
115 2.67 1.04
100 1.81 2.72
164 1.44 0.68
126 2.94 3.21
96 1.36 0.62
6 2.72 1.99
167 0.01 3.4
156 0.38 2.0
108 1.4 3.39
30 3.58 1.53
105 6.13 1.03
1 5.63 0.3
84 0.51 1.26
155 5.26 2.98
23 1.1 1.28
146 4.03 0.18
49 3.11 1.46
27 3.93 1.42
136 6.68 0.69
47 1.62 1.05
5 0.08 3.5
97 0.04 1.19
93 1.16 3.54
160 2.06 1.45
114 6.11 3.73
12 4.23 3.33
21 0.99 0.12
168 4.62 2.2
60 4.15 3.65
24 3.54 0.21
106 2.11 1.67
139 0.2 2.17
81 5.47 3.55
124 3.35 1.34
28 2.88 3.6
55 0.3 0.15
132 6.94 3.52
78 6.34 3.18
151 6.52 1.06
98 5.68 1.02
57 4.68 1.18
52 0.06 2.59
8 3.3 2.62
48 5.52 1.92
110 3.98 3.11
18 3.49 3.23
88 3.82 2.93
33 6.28 2.75
138 6.82 3.26
77 2.34 1.54
103 4.98 0.01
90 0.78 2.03
176 4.42 1.1
69 3.16 0.85
50 0.83 1.62
123 2.64 1.93
129 3.64 2.82
35 6.85 3.67
165 1.14 2.04
107 0.73 2.18
42 5.13 1.49
91 3.76 3.31
76 5.2 3.58
181 0.49 3.13
14 5.87 3.69
63 0.45 0.58
29 5.09 2.19
80 4.39 1.91
128 2.76 2.67
68 1.3 2.13
32 1.07 1.77
179 0.7 1.98
130 5.36 3.63
154 5.53 3.0
172 2.7 1.38
150 1.46 0.9
184 1.72 2.47
39 0.46 3.51
56 2.2 2.56
62 4.84 1.37
2 3.91 1.2
44 2.25 1.11
131 3.92 1.01
74 0.19 3.41
46 3.22 1.47
79 1.35 1.5
73 5.48 2.92
36 4.78 1.21
133 1.98 0.88
16 0.81 2.49
186 6.81 0.39
109 6.69 1.32
41 0.37 1.65
51 5.71 0.25
70 3.05 1.44
54 0.79 0.23
31 6.89 2.16
66 0.53 2.95
178 6.06 3.32
53 0.77 0.5
38 0.4 0.51
83 5.3 2.09
120 5.34 3.29
10 6.48 2.83
143 4.97 2.11
67 5.17 3.45
72 3.47 0.84
162 1.08 1.82
37 6.46 2.02
104 5.62 2.77
144 3.55 0.96
158 4.64 1.56
135 4.94 1.22
3 3.53 0.71
