137
134 6.43 1.1
14 6.39 0.67
3 0.78 0.35
123 1.9 0.59
82 3.15 0.15
111 2.39 0.12
119 5.15 0.71
15 5.13 0.6
4 6.09 0.04
85 6.52 0.31
11 4.44 0.8
110 1.88 1.31
114 1.07 0.44
29 1.63 0.28
49 6.02 0.34
41 6.64 0.23
58 0.34 0.27
46 2.53 0.92
24 6.4 1.03
64 0.71 0.98
55 0.85 1.37
20 5.36 0.72
12 6.33 0.82
113 0.27 0.68
43 3.39 0.85
120 6.86 0.54
105 1.31 0.95
103 4.97 1.32
116 0.45 0.19
56 1.39 1.01
33 6.19 0.08
40 3.64 0.45
130 1.04 0.93
83 3.63 0.62
47 2.56 1.23
137 3.47 0.21
108 0.22 0.76
118 1.33 0.63
96 3.43 1.16
27 4.25 0.13
125 3.73 1.28
34 2.17 1.22
117 5.7 1.17
95 3.68 1.33
71 5.72 0.4
80 6.83 0.25
97 6.46 0.7
88 5.64 0.33
92 1.44 0.43
75 5.61 1.11
69 1.5 0.61
73 5.56 0.87
101 0.04 0.49
112 2.77 0.02
13 5.14 0.51
61 4.47 0.2
38 0.72 0.52
128 3.7 1.36
81 6.68 1.04
8 2.18 0.86
107 2.88 0.18
102 0.24 0.26
86 6.12 0.9
62 3.09 1.34
79 3.5 0.77
133 5.07 0.22
57 6.73 0.07
131 2.14 1.13
32 0.51 0.24
91 0.02 0.56
122 3.69 0.48
66 6.94 0.32
52 5.74 0.83
31 0.07 0.75
76 4.52 1.26
94 4.67 0.17
67 3.83 0.06
72 4.87 0.99
93 4.81 0.64
109 4.49 1.14
89 4.32 0.1
30 1.68 0.88
126 0.89 1.19
17 3.82 0.46
9 0.19 0.01
59 0.79 0.79
2 4.78 0.11
39 5.33 0.41
53 3.97 1.27
50 1.71 1.15
26 2.81 0.73
136 0.21 0.16
19 1.4 0.65
115 3.14 0.96
28 2.93 0.5
45 6.01 0.89
5 2.84 0.09
21 0.28 1.12
100 7.02 1.18
84 3.31 0.29
44 3.28 0.42
70 2.37 0.78
65 5.78 0.03
129 4.72 0.14
90 1.74 1.2
36 0.37 0.91
22 0.57 0.36
78 1.06 1.09
10 1.64 1.29
68 6.97 0.74
51 6.75 1.07
98 5.24 1.02
18 0.16 0.55
54 3.03 1.35
127 2.42 0.37
16 3.81 0.39
60 4.93 0.3
7 1.96 0.84
124 4.27 0.05
74 5.27 0.94
63 3.78 0.97
104 2.22 0.81
99 4.64 1.08
25 4.24 0.38
1 3.27 1.25
23 0.98 0.66
135 0.39 0.57
121 4.38 1.3
132 5.3 1.06
35 4.31 0.53
77 0.15 0.47
6 6.31 1.24
42 0.64 0.58
106 4.23 0.69
48 6.93 1.21
37 7.01 1.0
87 0.13 1.05
