310
38 0.96 1.92
256 0.91 3.07
198 1.44 1.32
24 0.7 2.51
287 1.93 1.8
75 0.3 2.84
303 1.49 1.9
235 1.2 1.51
53 1.41 2.47
34 0.19 1.38
59 2.88 0.79
163 2.45 1.55
276 1.94 2.07
273 0.49 0.97
134 0.97 1.49
106 0.69 2.18
248 1.37 1.94
96 0.89 2.0
232 1.92 2.06
268 2.79 2.78
109 0.66 0.83
14 1.29 1.35
40 1.54 0.58
259 2.57 1.42
262 0.59 0.85
257 0.76 0.39
39 3.08 1.1
128 1.86 1.25
31 1.22 0.41
156 2.56 0.26
225 0.93 0.2
18 0.08 2.68
133 0.43 2.76
98 2.04 1.98
210 2.59 2.86
48 0.63 0.52
161 3.07 0.23
205 2.75 2.57
54 2.15 2.23
270 2.01 1.68
162 1.17 0.74
143 1.89 0.59
171 0.34 0.03
95 2.77 1.34
173 0.95 1.65
2 1.13 2.05
10 3.05 0.29
301 2.49 3.02
196 1.55 2.92
131 2.58 1.06
217 1.27 0.31
43 0.88 2.12
200 1.33 0.92
172 1.77 2.55
32 2.54 1.73
8 2.95 0.14
33 0.84 0.49
228 2.6 2.15
108 0.01 2.94
17 0.07 0.28
250 0.87 0.69
155 2.2 1.6
227 1.65 2.48
231 1.61 0.38
222 2.34 0.27
97 0.86 2.7
64 3.03 2.96
291 2.16 0.98
216 2.83 1.63
116 0.73 0.3
309 2.94 0.25
290 2.55 1.31
166 0.72 2.28
297 0.21 2.65
279 1.09 2.71
153 2.78 0.72
249 0.55 1.53
126 1.1 2.41
44 2.41 0.93
87 2.21 1.03
86 0.85 0.05
209 2.08 1.99
105 1.34 0.48
226 2.89 0.6
218 2.5 2.69
67 0.05 2.8
100 0.38 2.32
103 1.21 0.09
308 2.24 3.0
215 0.16 2.21
253 2.33 2.81
251 1.38 1.28
195 0.56 0.95
267 0.03 1.01
201 0.39 0.8
177 0.27 2.39
246 1.76 1.08
25 1.32 1.12
93 0.44 2.5
230 2.96 0.17
136 0.28 2.93
305 1.82 1.83
202 2.92 0.61
191 0.77 2.79
102 1.78 0.47
117 1.66 0.63
129 1.7 1.14
183 3.01 2.01
184 2.98 0.64
192 1.6 0.02
61 1.84 2.34
221 2.09 0.65
57 1.69 2.74
71 1.36 1.15
239 1.64 2.22
284 2.11 1.81
4 2.85 2.03
118 2.3 2.1
269 2.7 0.81
79 2.51 2.16
275 1.91 1.3
238 1.81 2.52
30 0.82 2.19
300 1.46 0.75
212 1.31 1.16
280 1.87 2.14
29 2.39 0.1
264 1.99 0.22
141 1.01 2.77
148 0.81 2.17
15 0.31 2.89
119 0.24 0.82
46 1.25 1.93
272 2.03 2.42
254 1.73 2.36
3 0.33 0.67
52 1.05 2.75
219 2.8 1.37
140 2.86 1.29
50 2.72 1.33
258 1.74 1.07
283 2.66 2.11
234 0.18 1.19
241 1.45 0.51
99 2.22 3.04
146 0.83 0.87
186 2.12 2.29
178 2.1 0.4
138 2.29 2.26
16 0.11 1.67
310 1.06 0.19
289 0.06 0.35
125 2.81 0.89
181 1.14 2.82
179 1.12 1.87
113 1.47 0.45
115 0.61 1.86
36 2.17 2.6
26 2.23 2.37
211 1.71 0.76
58 0.65 0.21
302 0.5 1.23
76 1.28 2.2
293 1.53 2.83
6 1.98 0.91
121 3.02 1.78
154 1.15 2.99
68 0.32 2.66
174 1.42 1.09
281 0.45 2.73
56 1.39 0.04
49 2.31 0.32
132 0.9 0.11
149 2.19 1.39
91 2.48 2.08
78 2.63 0.08
170 1.43 0.12
1 1.24 2.59
187 2.67 0.99
286 0.58 2.02
292 2.53 0.77
288 2.43 1.36
104 2.52 1.75
90 1.04 1.95
82 0.92 1.11
123 2.9 2.58
296 2.26 1.97
233 1.79 1.22
28 0.47 1.5
188 0.51 0.68
19 0.67 0.42
101 2.93 1.91
278 0.4 2.95
35 1.85 2.87
74 0.41 1.58
81 0.54 1.79
189 0.75 1.05
245 1.18 0.94
139 1.75 0.24
304 2.13 1.52
244 2.06 2.9
242 3.09 0.5
72 1.59 2.91
204 0.35 1.59
85 2.82 1.27
110 1.58 2.85
151 1.57 0.88
197 2.35 0.34
13 2.61 0.62
176 2.38 2.43
120 0.79 2.27
265 0.02 1.56
165 0.09 0.44
21 2.84 1.64
147 1.5 2.24
142 2.07 1.0
111 2.32 2.63
199 2.62 2.25
80 2.02 2.44
203 0.29 2.49
167 0.12 0.57
182 0.22 0.9
295 2.68 2.72
224 1.03 1.44
41 2.97 1.26
263 0.68 1.45
168 2.91 1.96
45 0.23 1.57
130 2.87 3.1
77 0.52 0.56
69 2.69 3.09
114 1.08 1.76
294 1.52 1.04
150 2.73 1.13
62 2.25 2.35
137 2.0 2.62
89 2.65 1.48
169 1.63 1.47
194 0.17 0.15
208 0.71 1.18
159 0.46 1.89
51 2.71 0.43
206 1.0 0.06
145 0.36 3.01
83 2.18 0.7
124 1.9 1.41
271 1.26 1.02
27 0.26 0.71
66 2.4 2.98
158 2.27 0.01
88 0.13 2.3
23 0.53 1.84
92 2.05 0.13
164 2.74 1.24
180 0.14 1.77
190 1.3 3.06
7 1.56 2.46
277 1.07 2.97
307 0.1 1.82
214 1.4 0.55
157 2.47 0.33
266 0.37 1.46
63 0.57 0.53
144 1.19 0.46
243 0.04 3.05
260 0.25 2.13
282 0.15 0.96
236 1.11 0.36
94 2.46 0.16
240 1.96 2.4
47 2.36 0.54
107 1.72 1.2
223 1.51 2.88
152 0.62 0.86
60 0.64 2.67
160 1.48 2.53
213 0.2 2.64
135 2.37 1.74
185 0.6 1.71
175 1.95 1.43
298 3.1 2.31
55 1.23 1.61
237 0.98 0.37
285 1.02 0.66
127 0.78 2.09
255 1.62 1.72
22 2.44 0.73
229 2.28 2.33
20 0.74 1.62
73 0.8 1.66
247 3.06 1.54
207 1.35 1.88
299 2.14 2.54
5 3.0 0.18
252 3.04 1.4
220 1.83 2.61
12 1.8 2.56
65 1.68 2.45
122 1.16 0.84
261 0.99 0.07
306 2.42 2.04
11 2.76 3.08
37 2.64 1.7
274 0.94 1.17
42 2.99 1.21
193 1.88 3.03
70 0.42 1.85
84 1.67 0.78
9 0.48 1.69
112 1.97 2.38
