199
46 0.09 8.39
109 1.46 1.56
130 1.09 2.12
194 1.16 4.06
92 1.7 5.39
195 1.41 0.28
4 0.9 1.22
96 1.42 4.35
148 1.12 1.12
80 0.35 5.15
155 0.1 4.07
164 1.65 8.67
169 1.25 3.49
83 1.55 0.36
131 0.86 4.89
117 1.49 3.17
82 0.68 7.37
30 0.45 1.76
35 1.64 1.82
27 1.61 5.43
127 1.75 1.75
139 0.31 2.81
21 0.72 5.2
71 1.95 0.89
32 0.42 6.24
123 0.26 2.92
51 1.22 2.21
190 1.05 0.08
38 0.58 4.23
54 1.35 7.2
10 0.46 8.64
50 1.08 0.91
29 0.76 6.09
11 1.86 6.67
126 0.66 3.71
158 0.48 6.74
183 0.61 5.21
100 0.74 2.31
16 0.13 0.09
120 1.19 8.23
128 1.06 6.19
86 0.99 1.11
37 1.3 6.08
44 1.48 6.78
79 0.65 6.42
147 1.27 8.12
107 0.37 6.89
72 1.38 8.53
70 1.67 4.09
110 1.36 3.7
39 0.78 7.65
179 1.96 1.35
52 1.84 5.75
26 0.79 2.2
178 1.93 5.67
88 1.77 2.34
143 0.32 0.19
135 1.72 6.5
64 1.1 0.5
60 1.99 8.5
193 0.7 3.43
105 0.2 2.43
142 1.66 3.73
134 0.94 3.13
87 0.63 7.03
76 1.88 8.78
141 0.57 7.31
47 0.16 8.17
61 1.92 1.94
24 0.89 8.69
91 0.21 8.4
67 0.27 7.79
125 0.29 8.59
112 0.33 5.64
90 1.29 8.35
56 0.83 4.36
199 1.33 0.37
152 0.41 7.87
41 0.92 5.24
174 1.58 3.44
166 0.56 1.03
55 1.94 0.1
73 1.85 6.86
84 0.91 5.95
133 1.17 0.51
28 1.21 0.9
165 1.2 1.16
101 1.03 3.92
93 1.43 5.11
98 1.15 6.22
65 0.36 7.86
31 0.47 2.97
66 1.52 7.81
58 1.62 3.33
161 0.96 1.69
59 0.22 1.89
170 1.01 6.64
197 1.56 2.84
81 0.51 1.92
160 1.83 4.08
42 0.97 7.96
74 1.98 0.02
95 1.9 2.26
198 0.88 0.48
124 1.82 7.45
6 0.6 6.62
175 0.49 3.11
8 1.79 5.45
49 0.64 4.05
104 0.43 8.54
162 1.6 4.03
188 0.5 7.06
173 1.54 1.72
23 1.26 8.73
75 0.81 1.63
149 0.06 7.12
13 1.4 4.99
12 0.67 2.68
150 1.44 4.75
137 0.93 1.33
186 0.44 3.62
94 0.05 4.04
97 0.75 1.32
180 1.89 5.1
85 0.28 3.51
18 0.53 3.3
145 0.14 3.79
17 1.69 4.68
34 0.71 4.44
15 1.34 5.47
5 1.51 8.29
185 0.18 3.91
48 0.11 5.5
99 1.5 7.25
129 1.71 1.99
19 0.3 4.5
36 0.38 4.77
40 1.47 3.29
138 0.19 1.51
77 1.74 7.71
153 0.01 6.72
159 1.8 5.55
63 0.4 8.04
68 0.23 5.84
9 0.84 5.82
108 0.52 8.38
176 1.14 8.48
114 1.68 7.35
187 0.54 1.58
172 1.59 5.7
163 0.24 1.19
181 1.28 0.11
189 1.11 7.73
156 0.73 6.48
115 1.31 2.23
122 0.85 4.67
116 0.08 5.3
154 0.82 2.02
2 1.07 0.45
184 1.91 8.37
103 1.63 0.84
157 1.78 7.88
69 1.57 7.13
45 1.87 3.56
140 0.17 0.99
191 0.03 3.25
136 0.77 0.8
182 0.12 3.46
33 0.87 2.77
113 0.15 3.05
14 1.97 5.29
192 1.04 3.36
3 0.39 1.43
1 1.0 8.77
53 0.62 3.23
119 1.53 4.78
43 0.8 6.76
118 1.37 1.71
102 0.69 7.48
106 1.02 6.96
7 0.95 3.4
146 1.81 2.7
121 1.76 3.65
167 1.24 2.48
151 0.25 4.57
57 0.02 1.98
196 1.18 3.72
171 1.23 8.6
22 1.32 8.16
111 0.59 2.91
78 1.45 7.21
177 1.13 8.79
144 1.73 0.4
25 0.07 4.3
132 0.04 0.63
168 0.34 4.82
62 0.98 4.13
89 1.39 8.43
20 0.55 8.76
