96
87 1.84 2.21
12 7.3 0.7
16 7.88 0.32
65 7.96 0.85
92 6.29 0.5
17 6.07 0.92
54 6.11 3.01
78 2.89 1.35
66 6.87 0.64
67 4.04 1.02
6 3.72 0.66
40 1.6 2.94
74 8.1 0.11
46 7.26 1.39
45 0.73 2.45
43 2.82 2.74
27 1.8 2.27
50 6.98 2.88
96 0.52 2.05
18 3.75 0.35
29 1.65 2.02
79 3.8 0.53
58 8.5 1.37
72 0.14 1.14
59 2.32 2.77
28 5.17 2.12
82 3.53 3.1
88 1.97 0.89
94 2.87 2.62
52 3.93 1.26
55 1.05 0.56
70 4.23 1.32
30 1.39 1.44
49 2.21 0.58
9 3.1 2.43
4 6.32 3.19
89 1.2 1.83
71 2.23 1.99
39 3.99 1.47
75 2.77 2.68
60 0.27 2.81
1 7.24 0.9
57 7.01 0.47
22 6.6 0.12
26 6.31 0.2
76 6.62 1.59
77 6.81 2.91
19 7.78 2.24
23 0.37 1.41
91 3.31 3.21
3 5.96 0.33
85 0.51 1.13
47 1.71 3.05
25 6.85 0.19
48 4.22 0.28
42 2.17 2.57
34 8.09 1.07
5 2.55 1.97
84 5.63 2.38
61 1.37 0.41
14 7.34 2.83
20 4.5 2.22
56 5.68 0.86
90 5.19 2.35
2 4.54 2.98
63 3.81 2.01
15 0.89 1.01
32 8.21 2.66
7 7.9 0.67
44 5.82 2.67
35 0.22 0.94
93 7.77 1.25
53 1.57 2.73
86 2.84 2.46
37 0.63 2.19
95 5.32 1.53
21 4.69 0.97
64 4.06 2.37
73 6.25 2.3
83 1.0 0.98
11 0.45 1.5
8 0.23 0.75
10 4.76 2.8
31 8.58 3.2
36 2.15 0.38
41 2.44 2.36
13 7.09 2.18
80 4.35 0.76
68 5.78 2.75
81 4.77 1.86
69 7.8 3.0
62 2.98 1.24
51 1.73 3.02
38 4.33 3.23
24 7.67 1.2
33 3.39 0.16
