294
61 2.53 0.68
189 1.78 1.78
220 4.42 0.67
140 5.09 1.26
173 5.97 1.64
88 5.14 1.83
109 2.79 2.25
275 1.9 1.7
160 3.01 0.64
21 5.72 0.03
9 5.48 2.27
259 3.95 0.96
10 3.0 2.57
282 6.53 2.31
199 3.71 1.13
269 1.0 0.29
121 5.44 1.24
206 5.85 2.1
264 3.91 0.87
153 4.4 2.26
13 0.4 2.24
138 4.46 0.22
227 3.6 1.42
188 2.62 2.49
239 6.32 1.02
238 2.23 2.59
117 2.11 0.85
83 6.66 1.84
111 4.55 0.04
76 4.76 1.0
120 1.06 1.91
226 5.58 0.06
132 5.8 1.35
180 0.77 0.28
150 5.56 0.46
230 5.6 2.64
270 5.59 1.18
101 3.47 0.62
45 2.77 2.45
248 3.5 1.86
108 5.31 0.82
28 5.67 2.81
147 0.95 2.91
225 4.72 1.6
192 6.62 1.96
49 2.69 2.51
235 5.26 0.02
167 1.84 1.11
65 6.76 2.04
42 1.09 0.15
263 5.51 1.85
186 2.37 0.51
194 0.2 0.75
285 3.96 1.53
39 0.79 0.27
162 4.09 2.33
16 2.59 2.9
209 1.39 2.6
148 0.5 0.88
262 3.75 0.45
146 1.1 2.12
260 1.94 0.63
11 3.84 2.87
51 2.35 0.72
242 5.53 2.35
272 6.45 1.9
30 1.46 2.07
190 2.43 1.27
268 2.71 2.37
54 0.01 1.88
284 0.99 0.1
204 1.66 0.9
205 4.86 2.63
135 0.84 1.36
47 0.35 2.43
81 0.93 2.09
201 0.63 2.05
48 2.41 0.11
200 1.21 0.79
203 1.72 0.81
75 3.52 0.49
129 4.79 0.36
128 0.68 0.01
69 2.52 1.92
158 4.12 1.79
52 2.33 0.61
112 4.68 0.17
195 1.61 2.41
234 2.15 2.72
273 0.66 2.14
283 5.71 2.69
277 3.14 1.51
254 1.24 1.12
245 1.8 2.62
7 0.81 0.94
114 1.56 0.71
196 3.98 1.77
169 5.79 2.85
22 0.87 0.55
124 0.74 2.28
179 5.49 1.63
208 4.19 1.55
72 1.71 2.52
191 4.95 2.77
218 1.55 0.74
60 4.83 0.95
44 2.32 2.65
3 2.46 2.18
174 5.3 0.56
67 2.06 2.36
236 2.88 2.7
5 5.84 0.98
115 1.16 0.83
37 5.17 2.01
93 3.06 0.6
80 4.67 0.34
187 4.18 0.66
171 1.91 0.07
278 0.1 1.04
56 3.7 0.77
98 3.3 1.41
287 6.14 2.3
151 1.35 0.41
202 3.81 2.23
286 0.62 0.5
14 0.07 0.18
40 5.55 1.34
85 1.76 1.45
159 1.52 2.15
123 2.97 1.22
183 2.1 0.13
292 4.73 2.74
261 4.43 0.14
181 1.88 0.23
246 4.77 1.03
59 0.37 0.84
104 0.33 2.5
116 1.74 1.95
41 6.31 2.47
164 2.5 1.4
97 3.77 2.68
221 0.02 1.58
73 6.35 2.19
24 3.21 1.59
214 5.78 0.42
251 4.15 0.43
165 5.92 1.82
213 1.58 1.29
271 1.5 1.98
258 3.68 0.09
94 4.06 1.09
19 4.56 2.94
265 0.34 1.73
82 2.93 0.52
38 2.82 2.93
15 1.31 1.39
279 4.75 1.89
170 4.35 0.39
276 1.47 1.28
185 3.03 1.61
66 0.25 2.2
156 6.19 1.99
131 3.05 1.71
291 0.17 1.33
58 4.65 2.82
34 1.37 2.73
219 3.28 2.84
77 3.56 0.21
26 6.37 1.75
168 6.52 0.19
110 4.97 1.8
289 5.95 1.25
290 3.76 2.88
240 2.57 2.03
176 5.68 0.73
175 0.18 0.16
247 6.02 2.58
70 3.35 1.69
90 3.64 2.34
20 4.47 2.54
211 6.58 1.62
163 5.99 1.15
29 5.35 1.66
233 0.71 1.52
130 1.97 0.7
161 4.91 0.59
126 6.23 0.44
55 2.03 0.31
100 4.57 1.46
139 1.54 2.8
106 4.98 0.35
125 1.3 0.48
215 0.55 2.29
35 3.2 1.48
266 0.04 1.56
198 6.48 0.65
217 0.43 0.91
223 4.16 1.74
172 6.59 0.05
224 3.59 2.02
182 3.36 0.12
78 6.54 2.13
86 6.21 0.24
142 3.38 2.4
46 1.23 1.54
133 1.49 1.14
136 0.3 1.05
95 2.55 1.44
293 4.2 1.37
127 4.27 2.76
53 3.27 1.31
294 4.8 1.32
144 5.66 1.67
118 2.6 1.76
92 2.81 0.8
267 1.83 0.89
74 3.63 2.39
25 5.16 0.78
241 4.0 2.38
119 3.51 1.5
33 2.99 1.57
237 4.93 2.75
249 5.61 0.93
62 2.94 0.53
17 5.11 0.32
252 0.56 1.68
157 5.93 1.38
8 6.7 2.32
232 5.38 0.99
166 4.78 2.11
154 4.29 2.61
274 2.38 1.81
57 5.2 1.72
288 1.87 0.57
43 5.46 2.16
107 6.64 1.94
63 4.58 0.26
2 3.34 1.01
134 2.89 2.0
89 4.48 1.49
79 0.05 1.65
210 4.99 0.58
91 3.45 0.33
256 5.02 1.17
122 2.76 2.42
23 6.36 1.43
184 1.48 0.86
105 0.8 2.56
87 6.43 0.92
68 5.77 2.55
113 0.06 1.21
71 3.4 1.19
99 0.08 0.69
12 2.42 2.78
4 0.46 2.83
137 3.97 2.08
177 4.82 1.08
102 1.19 1.87
50 0.36 0.97
103 3.1 1.16
244 6.01 2.71
96 5.4 1.93
231 5.86 1.06
207 1.53 2.86
178 4.62 1.47
36 4.87 1.97
6 4.24 0.76
197 1.68 2.48
32 0.67 2.46
31 6.61 0.3
64 5.9 0.4
145 5.04 2.53
141 3.62 2.06
27 6.65 1.1
193 5.12 0.2
152 1.62 2.92
228 1.96 0.37
250 0.86 2.89
216 6.68 1.2
280 6.38 2.22
212 0.14 0.47
18 4.88 0.25
253 2.96 2.79
229 3.87 1.07
281 5.34 2.17
255 5.63 2.66
149 5.03 1.3
1 2.66 2.44
155 1.95 2.21
84 2.3 2.67
222 4.22 1.23
243 1.38 0.08
257 0.49 0.54
143 4.89 0.38
