40
20 0.05 4.85
28 0.39 6.45
7 0.21 1.63
3 0.37 0.44
2 0.07 2.22
40 0.35 2.31
24 0.08 0.5
39 0.02 3.69
8 0.26 2.48
30 0.27 5.84
32 0.12 7.25
33 0.33 1.57
16 0.4 0.61
10 0.38 2.05
4 0.32 3.68
17 0.06 4.97
35 0.01 0.66
19 0.18 6.12
29 0.25 6.96
31 0.34 0.51
13 0.15 2.91
9 0.11 5.59
36 0.3 1.82
34 0.36 4.64
22 0.1 6.79
18 0.19 4.71
38 0.04 2.08
26 0.2 3.42
25 0.23 4.73
21 0.03 2.64
23 0.24 6.83
14 0.09 2.11
12 0.29 1.97
15 0.13 4.25
11 0.16 5.42
6 0.31 6.49
1 0.17 6.38
37 0.22 1.0
5 0.28 0.79
27 0.14 1.33
