158
134 1.75 6.41
140 3.42 7.71
95 2.18 9.23
80 3.09 0.54
57 3.72 0.43
25 1.33 4.76
53 1.83 5.2
74 1.53 1.19
81 0.69 8.73
29 3.57 5.18
4 0.24 8.52
41 1.56 7.75
46 1.62 1.96
62 0.56 5.9
152 2.52 3.24
93 2.56 3.73
108 1.01 9.16
31 2.31 1.36
144 1.84 7.26
125 0.79 7.74
101 2.15 2.54
121 3.14 7.1
21 2.47 9.34
63 3.54 3.95
97 0.06 9.56
54 0.47 4.07
133 0.67 8.81
102 2.1 3.45
148 0.54 9.19
82 2.65 6.89
88 3.85 7.15
78 0.76 2.68
18 1.97 4.35
115 1.23 8.82
127 0.31 5.77
100 1.81 8.16
135 0.13 5.29
9 0.96 1.6
8 1.02 1.9
147 4.12 2.8
141 0.77 5.13
36 0.09 6.99
5 1.0 1.3
38 3.82 3.93
87 2.35 9.67
85 3.65 3.4
138 1.54 5.23
3 2.99 0.81
2 1.96 5.0
114 2.78 2.53
55 2.05 0.31
143 3.92 4.59
40 1.69 0.4
50 2.62 1.88
35 3.4 6.61
75 2.92 1.37
52 1.85 2.78
92 1.78 8.63
120 1.09 0.87
109 1.79 0.25
67 0.91 1.61
128 1.11 0.78
71 4.13 7.7
116 2.33 6.05
99 3.29 4.53
20 3.2 3.43
43 3.38 8.6
77 3.52 1.25
150 3.03 8.91
153 1.29 4.41
104 2.24 8.24
107 0.55 5.69
126 1.25 2.97
130 0.02 9.03
24 2.76 2.23
83 2.28 4.31
139 3.31 4.18
149 3.68 6.79
45 3.35 8.37
34 0.28 4.72
1 3.97 9.28
42 3.49 3.19
15 2.95 8.17
118 0.5 3.07
110 2.87 8.39
119 3.61 3.25
16 0.71 7.08
131 4.04 6.98
113 3.01 4.0
11 3.18 6.39
44 3.73 5.68
122 3.06 0.27
47 0.95 8.33
59 2.64 3.3
13 0.66 2.18
12 2.89 5.35
112 3.56 1.79
157 2.02 8.28
91 2.26 0.83
155 0.43 2.58
76 1.9 1.21
19 1.04 5.04
10 0.12 6.31
96 1.4 3.15
89 2.8 8.41
32 2.12 2.36
7 3.22 5.24
28 2.79 6.25
30 1.34 9.31
58 3.32 2.26
39 1.45 1.83
61 1.66 2.32
146 1.27 5.73
98 3.44 7.95
123 1.2 0.53
154 0.05 8.02
56 1.92 1.16
129 2.17 7.5
90 3.36 3.65
94 0.72 4.28
69 3.66 1.31
37 3.69 2.29
60 1.48 7.84
33 0.26 1.38
132 2.44 8.87
65 1.14 6.52
117 2.21 5.58
27 3.16 6.5
70 2.68 8.54
79 0.83 7.07
48 1.68 1.81
151 2.34 5.02
26 0.42 2.5
6 4.02 2.56
103 1.71 5.27
137 3.86 6.95
156 3.78 6.51
17 2.85 9.04
142 2.03 0.66
145 3.9 9.5
136 0.97 6.9
68 0.11 8.06
23 3.51 8.08
106 0.03 0.77
51 1.42 3.62
111 3.7 0.48
73 1.63 1.33
14 3.88 3.6
105 2.37 2.63
84 1.08 2.22
72 2.81 7.81
158 2.77 5.49
49 3.3 1.78
64 1.43 9.2
86 0.86 0.19
22 0.49 4.83
124 0.29 6.19
66 3.05 1.92
