478
122 4.9 2.99
385 1.4 5.76
20 0.48 6.44
59 8.02 1.16
116 8.44 0.52
435 7.68 1.55
434 1.55 2.3
372 5.84 2.37
285 5.82 1.79
199 4.77 5.16
350 0.13 3.28
464 4.31 4.81
51 2.78 4.12
188 2.48 3.67
394 3.45 2.68
461 5.39 5.01
352 1.15 0.53
179 0.51 1.6
418 1.51 2.93
320 5.17 4.48
174 6.46 3.94
358 6.26 3.75
468 0.49 6.74
406 6.93 0.19
71 6.39 4.09
118 4.12 0.48
246 4.44 3.93
336 2.85 5.97
217 0.73 4.97
163 5.29 5.6
365 6.3 1.3
108 3.82 4.22
9 1.99 3.27
154 7.67 1.34
69 1.12 5.26
360 1.6 6.39
408 3.34 2.08
180 1.14 4.93
373 2.7 4.41
178 5.48 1.57
304 1.63 3.08
184 2.36 2.32
175 7.91 4.0
332 6.41 2.33
409 2.56 2.38
248 0.69 1.71
354 0.58 2.22
444 5.01 3.12
119 5.79 3.15
230 2.59 6.63
11 1.75 6.03
65 7.4 0.92
5 6.4 2.83
432 1.68 6.13
381 6.66 5.62
81 4.63 1.1
137 2.23 5.0
209 6.84 3.5
84 3.98 0.58
417 6.17 0.08
371 3.89 3.76
255 3.54 2.19
38 8.52 4.05
206 2.57 3.02
12 5.02 0.05
271 4.27 5.96
194 0.14 3.77
98 7.44 1.2
424 8.03 5.65
319 0.25 2.9
369 3.09 0.33
469 1.05 6.51
307 8.09 2.46
160 8.45 6.71
73 8.35 5.56
364 1.81 2.43
117 6.42 4.9
312 1.02 1.61
215 2.87 0.34
101 2.24 1.68
315 2.92 2.95
205 7.27 6.45
100 6.96 5.74
172 6.58 5.66
243 4.47 6.42
404 6.15 1.07
310 7.66 3.34
99 2.22 0.11
296 6.82 0.6
251 2.97 6.17
416 2.84 3.88
124 1.34 5.04
467 8.55 4.02
247 6.67 0.51
187 6.53 4.39
449 2.27 1.02
379 1.98 6.01
64 4.19 1.53
437 0.86 1.12
13 5.25 3.83
39 4.2 3.95
111 7.21 3.03
309 0.06 1.89
83 2.61 1.06
478 6.44 2.6
453 5.1 2.12
473 6.16 6.05
457 4.66 6.72
37 4.37 4.04
82 3.25 0.71
4 5.55 2.78
427 6.78 3.25
151 6.85 1.44
61 7.28 4.56
45 5.42 4.42
218 4.88 3.51
264 3.15 3.42
147 3.99 1.69
128 5.52 6.62
302 4.83 2.31
349 7.23 0.64
158 3.02 3.43
353 0.96 4.24
155 1.82 0.68
288 4.97 5.42
258 4.65 0.94
136 4.42 3.73
376 6.57 5.71
14 4.11 1.32
391 3.42 5.32
241 5.09 4.32
472 7.17 5.48
96 3.91 0.98
167 2.75 0.77
260 5.38 5.22
419 5.7 4.03
415 3.63 5.46
28 5.27 0.24
335 3.59 0.22
177 5.28 4.75
86 0.04 1.72
130 5.9 4.45
125 4.81 2.73
214 6.81 5.57
58 8.43 6.1
378 3.52 1.28
145 3.03 4.34
94 4.82 3.55
236 4.21 2.65
445 0.84 1.85
370 2.18 2.8
225 3.27 1.21
126 0.94 1.45
72 0.53 0.88
203 7.15 5.67
281 6.03 5.23
149 8.24 2.84
234 3.49 4.94
322 1.79 2.48
19 3.76 3.1
97 6.08 4.69
321 1.74 4.76
430 7.92 0.7
422 1.39 0.28
405 3.93 5.95
343 1.85 5.82
110 4.51 6.66
290 1.26 2.75
340 2.09 5.43
193 8.41 3.48
107 6.21 0.8
240 8.25 6.27
289 8.42 3.49
68 8.47 0.15
18 1.25 3.99
142 1.06 1.58
27 4.98 2.94
399 8.49 2.87
438 5.71 4.68
314 7.34 2.85
377 7.07 6.47
161 2.58 0.07
232 2.6 5.91
274 2.05 4.35
219 6.35 5.52
397 6.87 3.04
63 6.13 5.13
425 3.81 1.41
458 2.1 2.79
393 1.73 3.78
346 5.54 6.43
216 5.05 6.21
239 0.16 2.44
386 0.26 0.01
196 0.27 1.46
36 0.92 5.34
470 5.85 4.47
169 1.91 5.19
341 1.89 3.9
330 3.24 3.39
474 2.2 6.3
245 1.52 2.09
48 4.07 5.5
318 5.12 0.83
356 0.98 2.47
317 3.96 5.15
466 0.52 0.21
55 7.12 3.26
7 2.07 3.45
316 5.26 0.67
334 6.1 0.74
21 7.99 1.38
133 1.88 6.15
454 0.82 6.53
202 1.59 6.16
297 7.79 0.03
398 2.79 2.25
355 4.91 3.44
326 6.64 2.03
263 2.65 0.26
91 5.14 3.68
171 7.09 1.0
212 3.79 5.69
185 3.33 6.5
254 2.37 4.73
200 6.11 2.72
181 2.35 5.33
93 5.66 4.55
102 8.3 4.08
368 1.69 6.64
109 0.02 4.88
103 6.74 0.47
3 3.31 1.48
17 1.36 4.06
256 0.61 5.68
446 8.16 3.66
162 0.11 2.54
331 7.49 2.42
44 2.01 1.91
210 4.89 4.3
77 0.87 1.03
156 0.33 0.38
141 5.46 2.21
42 4.95 1.01
231 7.85 0.32
342 5.13 3.46
89 0.29 0.18
244 0.5 5.64
15 0.47 4.17
166 4.38 4.89
456 0.68 2.28
1 0.97 3.57
129 7.72 1.14
366 1.92 4.44
204 3.66 5.36
22 6.98 2.89
477 4.78 5.06
303 0.28 2.1
183 3.26 4.36
259 0.09 2.86
198 2.0 4.96
261 6.31 0.04
30 6.52 4.16
299 0.45 1.7
421 0.32 1.95
165 2.91 2.24
139 6.36 0.35
123 6.83 2.04
127 2.34 3.47
301 4.06 4.62
190 7.51 0.9
433 8.2 3.23
235 5.21 0.31
311 7.78 5.03
442 1.96 6.75
286 2.77 5.92
450 8.14 0.45
47 1.45 5.77
428 6.62 1.77
300 7.61 5.28
431 8.37 5.54
66 1.67 6.0
62 5.11 4.7
279 4.25 0.78
420 7.59 5.9
337 4.48 4.99
79 8.11 0.89
164 4.76 0.93
222 7.83 4.27
170 5.19 4.77
173 5.98 0.27
333 7.05 0.61
328 0.38 2.56
112 0.22 4.51
443 4.03 6.06
305 7.8 3.62
257 4.72 6.6
54 7.96 5.07
10 5.0 3.4
150 5.37 3.8
361 0.8 6.31
57 2.5 6.55
325 7.3 6.68
272 0.31 6.65
237 6.63 5.12
273 0.56 4.23
50 1.28 4.71
211 2.13 1.66
410 8.4 6.33
380 8.05 4.01
338 3.32 6.36
131 6.07 5.4
25 5.58 6.73
106 3.0 5.78
395 8.0 5.79
157 7.26 1.19
351 0.99 1.31
451 3.35 3.2
374 1.48 4.33
344 1.53 6.54
6 7.54 6.23
429 3.77 5.14
16 0.67 5.59
439 5.44 3.85
197 4.28 3.52
104 4.43 0.25
270 0.35 3.89
33 3.83 3.82
152 4.58 4.87
80 6.86 3.86
2 8.15 0.3
67 4.67 4.29
283 4.74 1.65
402 1.37 6.61
120 1.5 3.0
388 6.55 3.16
92 8.22 4.59
348 3.69 3.22
252 1.1 4.37
201 5.67 1.82
35 3.74 0.72
220 2.67 6.22
266 3.14 6.34
228 3.1 0.14
403 5.23 6.49
168 4.64 2.36
253 6.77 1.39
186 7.31 2.67
375 7.32 4.21
113 1.49 2.4
327 7.16 6.67
53 2.15 3.91
367 6.43 0.97
323 6.48 4.5
324 4.35 0.54
292 3.57 6.29
293 1.07 0.85
153 1.24 4.63
476 5.18 4.13
329 2.66 3.59
60 4.26 6.24
440 4.75 2.77
436 3.41 5.05
423 1.32 5.75
357 3.39 0.69
26 1.03 5.1
23 6.25 5.73
24 5.75 0.87
207 1.38 6.59
52 0.08 2.15
465 1.93 3.87
70 0.18 4.54
448 0.62 1.63
265 7.5 3.96
176 2.46 1.74
412 4.54 1.51
8 1.47 0.39
462 7.84 1.49
413 5.86 1.18
347 8.32 4.07
362 1.97 5.99
455 1.27 6.14
396 1.72 0.42
291 6.95 5.41
282 6.01 0.63
287 1.87 3.31
313 1.0 5.38
227 6.22 0.49
471 5.47 6.19
87 7.82 2.52
195 4.93 5.93
407 3.73 3.32
223 7.36 4.57
226 7.18 2.5
75 2.06 6.28
74 5.77 2.7
78 6.38 4.15
144 0.05 6.57
115 2.54 4.58
143 0.42 1.26
441 5.8 0.91
384 5.51 0.96
345 6.91 5.51
49 4.85 2.82
459 7.93 2.69
414 7.65 2.97
411 7.71 5.17
229 4.5 0.17
298 6.28 5.83
267 0.81 3.53
138 3.8 3.6
34 6.32 3.7
280 0.2 4.49
269 6.18 0.37
182 6.9 1.37
308 5.64 2.05
41 4.29 1.4
208 7.64 5.87
146 8.38 3.58
105 4.49 0.5
135 3.9 2.51
242 8.53 4.43
447 5.49 4.11
140 6.14 1.13
191 3.6 4.2
56 6.7 5.45
90 0.17 6.69
383 5.34 3.29
392 5.5 5.53
114 0.72 6.77
29 1.23 5.55
189 1.83 5.02
275 4.57 5.24
76 3.85 4.79
401 3.43 3.61
452 5.73 6.58
148 1.21 2.23
250 8.33 1.23
277 7.0 4.91
278 3.58 0.23
85 7.2 1.81
426 0.76 3.24
46 4.23 1.92
121 3.07 3.05
192 5.16 6.08
88 5.88 4.86
233 3.47 1.27
262 2.4 0.1
284 5.3 4.26
32 1.31 4.38
224 1.43 5.39
460 7.87 0.55
389 0.41 4.72
249 0.39 3.19
463 7.74 0.44
475 3.5 1.5
221 3.72 3.63
43 8.28 1.54
359 4.61 1.94
339 3.65 4.18
268 5.04 0.43
213 8.13 5.25
31 2.49 0.46
134 5.22 3.11
40 7.7 1.98
276 2.64 2.02
132 2.47 3.65
390 0.55 1.42
238 2.3 4.64
382 0.64 1.17
306 6.2 2.13
95 2.83 5.18
159 5.4 6.7
295 0.6 6.02
363 5.41 2.17
400 4.96 2.64
294 5.95 0.79
387 6.94 4.4
