433
87 1.62 3.0
312 4.2 2.56
223 3.53 2.03
166 0.7 1.25
76 2.99 1.91
366 1.01 2.99
254 1.18 4.38
284 4.05 2.27
175 3.01 3.76
182 0.68 2.46
260 0.45 3.67
368 0.4 3.4
118 3.18 4.43
217 4.31 4.7
250 1.07 2.23
353 1.38 2.26
360 3.23 4.74
105 2.6 0.74
334 1.91 1.16
135 2.92 3.65
275 3.39 0.13
11 2.91 4.59
224 2.56 1.62
211 2.48 4.09
390 1.04 0.06
271 0.97 2.48
45 3.96 1.55
40 2.41 0.33
164 0.88 0.77
301 2.15 2.36
158 2.86 0.12
23 0.87 0.56
403 0.42 2.6
248 0.47 1.9
227 2.16 1.23
319 0.58 1.78
169 3.61 2.25
405 0.83 0.2
364 1.12 1.46
249 4.16 0.43
303 1.3 0.14
16 0.51 1.44
410 4.45 4.32
379 0.08 0.29
386 1.77 1.03
328 1.11 3.6
121 0.69 4.76
157 0.5 3.71
110 0.66 2.57
71 1.6 1.67
354 2.7 3.8
294 3.35 0.08
46 1.05 2.0
409 1.09 1.68
415 2.84 0.67
15 0.14 2.41
73 3.49 3.25
404 1.85 4.9
111 2.71 1.09
337 0.09 1.54
324 4.48 1.59
150 1.32 3.06
49 3.22 2.7
50 1.42 4.36
70 1.86 4.6
418 3.6 0.71
384 2.47 3.78
214 3.69 3.15
351 2.19 0.81
178 0.22 0.48
155 2.03 3.33
9 2.25 1.15
336 1.55 2.95
290 0.32 4.27
269 1.14 2.13
184 4.38 1.31
397 1.33 2.37
266 2.01 0.16
165 0.28 4.23
97 0.72 4.01
272 3.55 4.06
262 4.27 3.37
219 1.27 0.24
389 2.05 2.71
350 0.36 3.07
259 4.04 1.89
396 3.79 3.55
321 2.81 2.54
44 3.26 0.37
244 3.02 3.79
308 1.65 1.1
323 1.22 0.53
149 3.51 3.53
203 0.93 4.48
327 3.5 2.65
231 4.39 1.28
180 4.33 0.45
17 2.37 1.77
292 4.41 2.33
26 3.81 1.97
196 0.3 2.62
276 0.18 4.15
33 3.74 0.58
62 1.02 2.8
64 3.76 3.83
132 4.09 1.56
94 3.07 2.04
190 2.57 1.37
28 3.56 2.34
106 3.15 1.92
170 1.61 1.69
215 2.44 2.08
362 4.23 3.1
161 2.62 2.43
153 2.45 2.81
133 3.97 4.25
176 4.03 0.17
197 1.98 0.49
228 2.3 0.55
119 1.9 4.49
51 2.5 4.47
236 3.3 0.05
63 1.71 4.46
375 0.73 3.86
268 3.77 1.88
114 2.33 0.44
239 4.11 0.57
35 2.87 0.84
30 4.28 2.49
186 1.89 0.1
80 3.88 2.4
108 0.82 3.16
126 0.27 4.33
173 4.5 3.95
83 0.89 2.77
3 1.41 4.89
398 1.69 4.8
394 2.83 3.73
34 3.46 0.34
1 4.21 4.77
207 2.74 2.19
167 0.24 4.54
213 2.93 0.9
37 1.84 3.35
204 0.26 1.87
65 1.36 1.58
380 1.94 4.51
355 0.1 2.32
287 4.15 2.44
152 1.59 0.32
229 1.63 1.11
127 1.51 1.64
316 1.81 1.05
120 0.49 0.01
255 3.95 1.81
413 0.33 1.42
31 3.43 0.47
421 3.78 0.99
400 0.02 3.22
32 1.34 3.68
177 2.42 4.07
188 2.39 3.12
293 4.22 1.35
202 3.45 1.36
199 4.37 3.47
340 2.04 1.27
47 2.97 2.1
148 2.76 3.74
232 0.2 1.53
278 1.67 2.55
311 4.32 1.48
198 3.66 1.84
329 3.03 0.28
146 0.67 3.77
109 2.98 0.86
141 4.47 2.38
299 3.09 2.82
381 3.06 1.73
371 3.04 0.62
181 4.43 3.61
12 3.67 4.11
315 2.66 0.42
210 1.29 3.14
241 1.2 4.61
201 3.29 0.8
411 2.96 1.14
112 3.73 3.82
237 1.97 3.39
113 3.21 1.65
117 3.42 1.52
61 2.13 0.78
242 0.38 3.04
243 3.17 0.5
86 0.96 2.85
89 3.12 0.15
221 0.07 4.82
69 0.79 3.93
233 4.49 0.41
426 0.56 1.6
344 0.16 2.21
367 2.82 2.24
8 3.8 2.01
10 1.56 3.21
420 2.31 1.39
306 3.31 4.5
179 4.26 0.72
2 1.1 2.15
209 2.08 1.63
274 0.23 2.73
281 3.19 2.67
291 4.18 4.88
162 2.35 1.47
81 3.54 2.78
320 0.71 4.26
326 1.06 2.22
348 0.59 3.24
300 4.06 3.72
43 3.52 1.21
347 1.39 0.91
253 0.86 0.92
257 4.13 2.09
205 2.32 2.45
154 0.13 3.88
56 3.99 4.34
279 1.25 1.01
19 1.5 0.66
13 3.4 3.92
392 1.31 4.85
225 2.14 0.95
218 0.17 1.5
85 1.43 0.22
424 2.18 4.12
144 0.81 3.01
115 0.39 3.64
280 1.08 3.26
252 4.01 3.96
273 3.68 1.85
38 2.22 4.14
212 2.06 2.61
36 2.43 4.56
429 4.34 2.98
98 4.02 4.63
432 2.8 4.08
145 1.16 2.96
245 3.14 0.25
277 0.54 3.29
240 2.53 3.42
335 2.26 4.84
399 0.74 4.79
333 0.61 3.19
168 4.29 3.5
317 0.95 0.97
357 4.4 3.05
93 2.51 0.94
20 0.03 1.99
258 2.52 1.41
96 0.99 2.2
298 1.83 1.38
393 1.48 2.91
342 2.95 2.68
5 2.75 4.42
174 1.54 4.22
147 4.08 3.85
425 1.82 2.35
370 3.34 4.24
283 3.27 1.18
270 4.36 3.46
52 3.93 0.26
67 0.44 1.12
185 1.74 4.52
92 2.34 1.79
369 3.38 3.66
263 1.26 1.13
88 1.49 1.17
395 1.87 0.39
289 0.06 3.87
128 3.24 3.49
25 2.67 3.13
376 1.23 0.19
77 4.0 3.38
4 2.24 4.81
423 2.9 3.97
406 3.72 2.5
285 1.45 3.48
124 3.41 3.09
136 1.64 3.31
305 2.07 2.12
95 3.91 0.52
129 1.37 4.04
304 2.0 1.26
22 2.77 0.76
388 2.46 3.2
172 4.1 2.86
385 3.32 2.47
160 2.29 2.39
345 0.63 3.58
356 2.88 0.73
191 4.42 4.13
82 3.16 0.46
307 3.98 4.03
282 3.89 3.54
361 0.78 1.51
349 1.95 4.73
412 2.49 1.76
7 4.17 3.91
187 1.72 0.85
122 0.91 2.14
48 1.46 0.4
341 1.99 1.93
27 0.94 4.68
431 4.35 3.89
313 3.05 1.66
39 1.0 1.08
68 4.3 3.3
310 2.63 0.7
103 0.52 2.52
183 0.43 1.04
134 2.61 1.7
338 3.84 1.4
138 0.65 0.88
261 0.21 3.27
140 0.75 0.83
433 3.2 3.45
78 3.62 0.82
18 3.25 2.3
137 0.85 4.57
142 2.85 2.64
314 0.01 2.29
90 4.24 4.16
192 0.15 0.75
428 2.36 2.17
297 4.07 3.84
363 2.59 1.96
75 1.93 0.03
116 0.34 1.33
74 2.38 1.32
309 3.28 1.29
246 0.12 2.58
419 3.47 2.79
251 2.69 0.87
99 2.72 2.69
330 4.25 0.69
206 1.73 3.08
220 2.02 0.09
21 2.68 2.74
408 2.89 1.49
151 2.64 1.45
427 1.76 0.98
302 3.9 3.62
59 0.55 4.31
66 1.4 1.74
352 2.11 0.3
343 0.46 1.86
372 0.57 2.05
358 2.54 1.0
382 0.53 4.05
14 2.55 2.72
189 4.44 1.2
131 0.8 2.9
402 2.73 3.75
295 1.68 2.83
286 3.08 0.68
264 3.64 2.02
216 2.28 4.1
391 2.17 4.44
247 1.28 1.19
156 1.15 3.17
24 1.79 1.94
163 0.31 4.0
322 0.05 1.24
222 1.96 4.29
359 1.19 0.79
54 3.57 4.75
143 3.0 1.95
102 1.52 4.72
230 4.14 4.17
267 0.41 4.18
55 2.23 0.35
378 2.2 4.19
325 2.78 1.71
417 2.21 2.87
296 2.79 3.99
365 3.33 0.23
200 0.84 3.57
41 1.7 1.3
195 3.59 2.97
346 1.44 4.71
414 3.63 3.03
332 0.62 1.34
377 0.11 2.66
42 1.58 0.36
139 3.83 4.65
107 0.9 1.61
383 3.87 4.91
401 1.47 3.69
416 4.12 3.9
6 1.17 2.93
208 1.75 4.02
91 3.65 0.18
79 0.77 2.94
194 0.29 0.93
339 0.76 1.06
374 2.09 4.2
58 3.85 1.02
193 2.58 0.89
422 1.03 3.7
318 3.44 2.06
226 0.6 0.02
256 3.86 1.07
331 2.1 3.63
53 3.13 4.83
104 0.37 2.31
234 1.88 2.51
60 3.37 4.21
235 0.19 0.38
84 2.94 2.59
100 0.64 1.82
238 3.48 4.4
101 0.25 3.34
171 3.82 0.96
29 0.48 4.35
288 2.65 4.39
159 0.35 0.51
265 1.35 4.3
125 3.11 0.64
72 2.12 4.67
407 1.8 2.16
57 1.13 3.18
373 1.24 3.43
387 2.4 1.57
430 0.04 4.86
123 1.78 2.42
130 1.53 3.59
