131
8 0.62 3.79
123 2.37 2.7
99 1.59 1.39
89 1.75 4.07
24 1.41 3.99
7 2.77 3.77
35 1.45 3.56
33 2.68 0.3
42 0.31 2.5
13 2.24 3.91
81 1.06 2.8
50 2.08 0.91
72 1.11 1.22
6 1.58 2.59
56 1.52 0.54
52 1.64 1.81
131 1.77 3.01
94 1.3 0.66
125 2.25 2.57
10 2.02 3.51
62 0.9 3.46
46 0.22 2.77
14 0.7 0.49
122 1.19 0.81
66 1.48 3.65
16 1.01 1.08
71 1.26 0.07
106 1.35 1.04
60 2.59 1.02
48 1.72 0.89
59 0.61 3.8
93 1.81 2.17
4 0.02 4.03
54 0.35 0.28
22 1.17 1.09
97 0.17 3.53
82 1.61 3.17
55 0.51 0.78
53 0.84 1.82
67 0.03 4.13
25 2.1 0.24
19 1.79 1.06
88 1.65 2.69
11 1.32 2.1
69 1.92 1.53
129 2.11 1.25
40 1.67 2.0
20 1.98 1.69
58 2.54 0.22
37 2.15 0.61
9 1.82 2.89
57 0.05 3.07
92 0.97 2.55
130 0.07 3.48
107 0.41 1.23
128 1.42 0.53
85 0.77 2.98
61 1.56 0.19
98 1.24 0.14
65 2.21 3.58
23 1.4 4.09
79 2.22 3.08
17 0.79 3.67
18 1.39 1.71
26 1.62 4.01
1 0.39 3.12
68 2.61 2.71
101 0.72 3.22
74 2.49 1.85
15 0.26 3.57
2 0.93 1.86
70 0.45 3.19
117 2.41 0.67
84 1.83 1.5
103 2.4 3.28
87 0.34 0.38
91 0.01 0.65
38 1.7 3.33
36 0.06 0.43
83 0.11 2.22
32 2.6 1.29
76 2.69 1.21
118 2.74 0.62
127 1.89 1.66
78 2.62 0.45
124 0.12 3.5
120 1.69 1.56
95 1.53 2.74
77 1.21 2.35
49 0.38 1.01
80 0.98 0.51
90 0.19 3.32
111 2.73 1.79
28 1.44 3.96
30 0.6 0.87
108 0.29 3.15
31 2.07 0.77
5 1.47 0.01
45 0.66 2.04
112 0.14 2.81
27 0.37 3.23
119 1.51 2.02
126 0.71 0.94
75 1.94 0.96
86 2.36 2.24
121 2.18 2.58
12 2.65 1.49
43 1.96 2.93
21 0.32 1.63
34 2.39 2.96
104 0.2 3.42
110 2.51 1.4
29 0.75 3.38
73 0.5 3.27
113 2.46 2.29
100 2.34 3.39
105 2.06 3.49
64 1.93 1.74
47 1.31 3.43
96 0.28 2.44
39 1.07 1.42
116 1.25 2.76
44 0.53 3.18
102 0.57 2.11
63 1.33 0.37
41 0.56 0.8
3 0.4 0.7
115 1.15 1.15
109 1.8 4.04
51 1.18 2.48
114 2.72 2.3
