333
224 4.78 3.68
24 4.52 2.41
22 3.04 2.83
299 2.17 1.0
6 2.06 3.32
192 1.7 2.2
263 4.17 2.19
320 4.68 0.02
323 1.69 2.45
276 1.8 2.86
87 2.05 0.94
139 0.82 3.16
86 3.91 1.81
318 3.31 2.01
109 2.0 0.09
249 3.18 0.83
217 2.38 3.05
61 2.71 2.35
128 3.87 0.59
124 2.11 2.27
243 0.11 3.71
166 1.74 3.43
310 3.4 0.44
107 3.32 0.33
64 0.68 1.28
198 1.86 1.41
65 2.58 2.69
270 2.73 2.98
155 3.98 0.67
3 0.13 1.58
319 3.57 3.54
215 3.54 2.89
82 1.9 3.2
152 1.03 1.59
196 3.1 2.37
15 3.14 2.54
76 5.02 1.71
36 4.8 0.56
55 0.8 0.97
23 3.26 0.04
46 1.51 2.21
95 5.05 2.08
178 1.21 2.46
302 0.38 0.72
315 5.01 1.77
227 3.16 3.27
257 0.07 3.3
108 3.85 1.02
333 3.33 0.71
326 1.23 2.04
39 4.13 0.18
51 2.54 3.75
184 3.27 0.93
116 0.95 2.32
154 5.18 2.52
53 1.53 2.87
111 3.79 3.35
284 4.88 0.49
112 1.92 3.38
58 1.98 3.15
26 1.65 2.57
132 3.2 1.5
40 0.33 2.05
274 5.13 0.95
56 4.72 2.25
244 0.32 0.31
148 2.53 2.09
63 2.45 1.25
264 1.0 3.07
32 1.93 3.23
204 3.5 0.8
292 3.24 3.06
177 4.41 0.35
10 3.21 0.92
100 5.0 0.57
187 1.59 0.4
79 0.9 3.59
90 4.01 0.79
75 1.04 1.96
209 4.33 2.97
275 1.44 0.48
214 1.62 1.73
273 2.07 0.81
259 0.51 2.26
28 4.15 2.16
242 0.3 2.13
93 4.89 2.91
21 1.34 0.45
98 3.41 1.21
7 2.16 0.68
144 0.21 0.1
305 2.37 2.34
85 1.49 1.31
179 2.74 2.06
126 0.63 2.67
101 4.09 0.17
80 3.67 1.34
201 4.34 3.44
164 0.43 0.51
234 1.32 1.83
190 2.22 1.39
37 2.92 3.17
240 0.04 0.16
202 2.23 2.95
96 0.12 3.81
181 2.65 2.5
313 1.33 1.85
281 3.03 1.04
71 0.56 1.1
278 3.49 2.0
261 0.35 3.37
306 4.99 1.06
34 1.18 2.31
102 2.95 0.29
239 4.86 1.64
272 4.54 3.41
286 4.98 0.41
180 3.82 1.63
294 4.14 0.78
57 5.15 3.62
279 2.26 3.79
186 3.43 2.36
12 2.24 3.14
225 0.97 0.76
41 4.1 1.93
136 4.11 1.69
45 1.15 0.87
92 2.8 2.4
295 0.81 2.23
125 3.55 3.42
44 2.44 2.74
235 5.19 3.29
47 1.02 1.51
84 3.38 3.03
327 3.94 0.26
328 3.69 0.9
162 3.75 2.7
289 3.44 0.19
35 0.4 3.82
143 4.26 0.53
83 4.71 3.04
325 2.48 0.74
70 3.78 0.96
117 4.93 1.72
169 4.51 1.19
156 4.66 1.4
147 3.81 2.92
236 2.75 0.14
316 2.14 3.02
197 3.59 1.01
163 3.51 3.1
135 5.17 0.15
138 4.79 2.75
25 1.16 1.23
285 2.46 1.62
268 1.29 3.64
314 4.43 0.21
1 2.61 0.03
220 0.52 3.51
91 3.56 1.95
223 1.73 2.12
113 4.02 1.89
49 2.67 1.2
296 3.74 1.74
174 0.14 0.13
13 5.2 3.58
52 4.35 2.68
168 3.92 1.88
29 4.37 1.32
18 4.22 1.15
185 5.03 0.08
8 1.5 0.86
133 4.48 2.07
188 1.09 3.19
194 1.26 2.48
68 4.84 0.05
205 0.2 0.34
130 1.78 2.15
207 2.66 3.34
222 0.76 2.55
118 0.15 3.0
94 3.15 2.79
9 2.12 2.14
123 4.32 0.62
332 4.5 1.54
27 4.83 2.8
121 1.94 0.39
127 5.09 3.77
31 4.59 3.46
119 1.58 1.43
280 1.24 1.18
228 4.63 2.02
245 0.05 1.12
171 4.58 3.73
153 1.76 1.9
250 0.89 2.56
42 0.46 1.22
329 3.3 1.44
317 3.58 3.26
176 4.94 2.1
165 1.12 1.26
173 1.11 2.63
199 1.96 0.3
311 4.56 1.52
134 0.77 2.71
253 2.28 2.78
265 4.16 2.73
297 4.62 2.88
151 1.35 0.37
248 3.35 0.73
218 2.08 2.43
172 0.31 2.53
122 1.31 0.85
282 5.04 2.94
103 0.28 0.84
203 4.06 3.33
77 0.26 3.55
193 4.55 3.63
149 0.96 3.61
30 3.73 0.46
19 4.31 2.61
266 1.95 2.76
271 3.76 1.79
20 2.41 3.18
269 2.88 0.27
247 1.28 3.83
189 2.4 1.29
158 4.49 0.77
232 0.55 2.18
66 1.72 2.44
219 4.74 2.17
212 3.17 2.33
322 1.4 2.29
324 1.01 0.55
211 4.9 1.05
206 2.93 3.36
231 3.28 2.96
330 0.79 0.36
175 3.05 1.33
246 0.34 3.56
131 1.79 1.38
11 2.83 2.47
89 4.85 1.27
237 2.25 1.08
195 0.54 3.52
267 4.65 3.8
301 0.71 3.01
104 2.56 2.6
74 4.73 3.66
43 2.85 0.82
216 3.86 2.42
14 2.32 1.11
288 1.05 1.61
213 0.29 1.55
308 4.82 1.45
146 4.07 0.01
331 4.46 0.69
99 2.62 1.6
251 4.38 2.28
81 4.61 0.98
140 1.77 0.52
260 2.21 0.42
142 3.61 1.35
254 0.64 0.99
150 4.29 3.48
137 2.18 0.25
141 0.03 3.49
287 1.6 1.86
238 3.72 1.47
159 1.56 3.13
304 1.07 1.13
252 1.61 0.28
233 1.99 2.3
191 0.67 0.63
67 3.07 2.38
33 2.31 3.72
38 2.72 0.54
78 1.25 3.08
210 1.84 0.65
4 2.6 1.75
170 2.27 0.06
283 0.1 1.92
307 0.59 1.16
115 3.46 0.91
161 2.87 0.75
293 2.77 1.8
160 3.08 3.09
290 4.23 2.93
182 4.75 0.11
106 4.76 2.22
50 0.65 0.24
208 2.47 1.48
277 2.79 3.78
258 4.25 0.23
145 4.67 3.6
226 0.23 1.3
300 4.3 1.09
255 0.53 1.07
88 5.08 0.38
256 2.7 1.82
312 4.53 0.22
110 4.2 0.64
120 3.93 3.39
200 3.53 1.53
157 2.97 0.66
298 0.19 2.84
5 4.19 3.4
114 1.42 2.49
72 1.54 2.99
167 1.19 1.94
105 3.29 0.2
241 0.84 3.67
303 0.17 2.62
183 1.64 0.58
291 5.11 2.77
321 3.64 1.46
62 2.04 0.43
309 2.84 3.47
129 4.05 3.5
59 5.07 3.65
48 2.99 3.22
229 2.96 1.68
54 0.98 1.87
73 1.55 3.31
60 0.62 0.12
16 2.09 1.49
221 0.39 3.53
2 3.65 0.88
69 3.34 1.91
230 0.7 2.39
262 1.66 2.59
97 0.06 1.84
17 3.6 1.97
