43
39 5.03 3.73
8 0.93 1.62
17 3.98 5.12
9 2.9 3.11
1 1.49 2.97
40 6.68 2.27
14 5.2 4.81
38 1.18 6.62
4 1.82 5.13
19 1.09 2.16
12 7.36 4.13
23 0.14 1.88
6 1.62 3.94
28 4.56 0.63
11 3.03 5.65
31 6.33 1.34
5 7.11 1.23
13 7.02 7.25
33 7.66 1.5
15 2.33 6.94
36 7.61 2.43
7 0.63 5.1
37 1.68 0.35
21 1.19 1.25
25 0.5 4.61
27 2.21 2.05
29 4.84 6.01
2 1.89 6.23
10 2.27 3.83
3 0.86 5.25
18 1.67 3.68
41 0.49 3.13
35 7.32 1.89
30 0.31 5.71
34 7.33 6.96
24 1.29 0.82
20 7.88 7.16
16 2.29 4.12
42 7.84 3.33
26 6.93 7.26
22 1.11 3.76
43 6.58 1.92
32 4.59 1.67
