386
352 1.77 3.16
248 2.78 2.27
379 2.3 2.41
108 0.12 3.13
341 2.46 1.85
71 2.51 3.23
14 3.3 0.21
167 1.75 2.11
142 0.14 4.45
283 3.47 2.87
295 4.37 0.8
25 2.38 1.35
206 3.59 2.63
86 4.6 0.62
183 0.19 4.35
225 4.35 0.93
236 1.61 0.72
312 2.58 3.78
310 4.14 1.97
344 2.55 2.12
331 0.11 2.1
100 4.36 2.56
279 0.53 2.99
245 4.11 3.27
221 3.9 2.48
106 4.62 1.28
37 4.89 3.45
348 3.32 0.07
131 2.89 2.33
34 1.24 4.36
261 2.16 3.58
93 4.34 0.02
70 0.63 3.12
270 1.32 1.03
238 0.41 2.05
19 0.93 2.16
343 1.15 2.04
128 0.83 1.56
333 3.11 3.19
275 3.89 0.59
297 0.47 0.35
285 4.53 1.76
101 2.87 2.49
220 3.53 3.61
224 1.36 0.71
136 2.67 0.17
104 3.68 3.52
374 1.2 3.03
156 0.06 1.18
362 0.65 1.38
377 1.03 1.58
68 2.91 1.52
367 3.95 4.23
96 1.66 1.72
315 4.17 1.78
58 4.45 0.81
378 0.88 3.94
43 0.64 4.42
247 2.59 0.91
205 1.8 0.65
278 4.42 0.77
63 2.7 3.04
314 2.42 3.59
214 4.88 2.85
197 2.64 1.06
376 0.43 3.93
39 3.66 3.01
263 2.26 3.4
152 4.0 0.01
46 4.38 4.48
292 1.52 2.5
4 3.81 1.36
182 0.67 3.48
51 0.87 3.91
223 0.2 4.4
165 1.12 2.22
265 1.94 0.37
127 1.41 3.8
99 4.73 1.33
360 3.33 1.62
355 3.93 0.39
322 1.4 1.6
115 4.06 3.44
358 3.49 4.33
28 2.06 0.2
368 3.46 4.49
158 2.62 1.23
150 0.98 4.18
163 3.64 2.69
251 4.55 2.3
228 3.83 1.84
111 4.59 2.6
140 0.55 3.15
350 0.4 0.97
324 2.68 0.82
120 1.21 4.39
369 2.33 2.14
26 0.51 1.59
3 2.25 2.15
264 0.32 3.83
149 4.74 3.81
75 0.84 1.66
323 4.04 3.18
59 2.08 0.95
226 1.84 1.51
84 2.57 4.11
113 4.61 2.96
370 4.56 2.53
32 1.43 0.43
246 1.44 0.89
365 0.71 4.56
276 3.77 2.36
141 1.99 3.84
189 1.71 4.14
107 1.7 3.02
172 1.38 0.05
35 2.1 3.31
363 0.7 3.49
340 2.54 2.73
171 4.71 2.07
342 2.28 2.09
52 2.53 3.75
373 0.9 1.2
62 2.86 0.76
196 1.87 2.51
198 1.72 1.19
170 1.79 2.32
154 1.89 3.36
78 4.16 2.24
320 4.79 4.02
155 4.05 4.6
1 0.16 2.98
65 4.43 2.75
54 4.63 0.54
211 2.23 1.91
159 1.59 1.25
325 2.49 1.29
240 4.75 3.99
302 1.31 0.11
89 0.45 4.05
143 3.23 1.53
321 4.52 2.43
281 2.17 3.28
160 0.49 0.75
277 0.3 0.06
66 4.18 3.1
174 4.26 0.08
179 1.39 0.4
334 3.87 0.63
126 0.69 0.85
231 4.33 3.06
175 0.33 1.49
332 2.71 2.31
103 2.63 2.44
383 1.78 2.9
347 2.65 0.96
203 3.99 2.13
40 2.09 1.5
305 1.54 4.59
168 0.03 1.11
20 2.47 0.46
293 4.7 3.51
304 1.42 0.56
356 2.36 0.28
92 3.63 3.09
79 0.37 2.03
237 1.85 3.39
208 3.54 2.59
339 3.03 0.03
287 4.54 0.66
117 0.79 2.52
272 0.08 1.88
335 1.08 2.71
10 2.48 2.58
8 2.43 2.19
132 3.92 0.15
49 4.19 0.86
313 2.31 4.55
185 2.22 0.61
336 0.18 0.29
173 0.96 0.47
235 3.38 2.34
316 0.02 1.82
145 2.37 1.37
22 3.82 0.34
318 4.1 3.7
366 1.82 3.47
48 1.95 3.72
138 1.88 0.45
7 0.77 1.16
232 0.26 1.24
24 3.4 4.57
253 3.98 0.26
259 1.83 3.33
271 2.02 2.92
222 3.48 0.41
147 2.52 1.13
61 1.81 0.36
381 0.38 3.21
73 0.62 1.98
384 2.95 2.61
134 4.15 4.43
274 2.6 2.97
55 2.15 2.39
151 0.99 1.89
153 4.8 0.67
250 3.96 2.94
36 1.73 4.47
81 2.24 1.22
112 4.46 0.52
95 2.92 2.74
254 0.13 1.86
311 4.93 3.63
176 1.47 3.62
326 1.62 2.38
229 1.68 3.46
72 4.2 2.42
319 0.78 3.66
122 4.25 1.17
329 1.55 3.71
144 1.35 4.27
346 0.28 2.21
299 0.72 3.86
130 1.46 0.94
219 3.41 0.09
53 4.66 4.38
21 1.07 1.46
257 4.77 2.91
298 4.12 3.56
186 2.96 1.42
268 4.58 1.64
13 0.17 4.1
382 3.2 0.3
83 2.01 3.0
210 2.69 0.73
9 4.64 4.28
200 2.19 3.08
2 1.48 0.14
125 4.49 1.55
359 4.87 0.84
102 0.35 2.0
242 3.84 3.97
241 4.76 3.32
386 3.88 4.31
327 3.94 1.87
118 4.41 1.47
109 2.56 2.81
218 2.21 0.79
195 4.82 4.09
27 0.46 1.54
87 2.27 4.08
157 3.0 4.26
180 1.23 3.35
243 3.78 1.14
98 0.48 1.08
181 3.01 2.26
354 4.07 0.33
244 3.13 2.68
88 0.8 4.12
306 1.92 0.31
184 2.39 3.73
80 4.91 2.66
187 0.54 2.45
260 4.57 2.54
166 0.82 3.55
177 0.76 2.25
217 1.53 3.67
252 3.91 0.92
162 3.75 0.18
121 3.56 3.53
345 3.16 2.2
308 1.49 4.32
137 1.51 1.34
233 0.94 0.99
349 1.04 2.88
56 2.04 3.29
82 4.92 0.1
193 1.09 4.44
114 3.17 2.17
207 3.08 2.65
67 3.7 3.87
227 1.29 2.4
23 4.22 4.13
146 1.97 1.1
12 3.15 2.28
91 4.21 2.35
42 1.69 1.4
372 1.02 2.93
60 1.05 4.03
215 2.93 4.16
110 0.57 4.17
258 2.74 4.0
148 1.63 3.89
230 4.3 2.76
280 4.32 2.67
256 3.1 2.64
191 1.1 4.46
353 3.05 4.06
116 3.36 1.8
16 3.69 4.58
90 0.15 3.5
169 0.75 2.62
234 4.69 0.23
364 4.24 0.9
239 4.68 0.13
17 0.05 3.3
164 3.72 1.79
85 3.18 1.74
361 3.21 0.42
288 4.81 0.98
290 2.97 3.14
216 0.39 0.51
64 3.28 3.57
41 0.59 1.92
273 0.07 2.37
385 4.84 0.24
213 3.57 4.22
338 2.13 1.67
255 1.06 4.34
375 4.44 0.57
45 3.14 1.3
133 4.27 3.82
38 1.65 1.75
33 1.27 2.84
317 1.0 2.47
249 0.97 3.95
123 0.81 4.25
161 4.39 1.0
266 1.74 0.87
188 0.01 3.54
289 2.75 3.74
267 4.72 0.6
301 0.92 4.37
291 3.25 1.05
194 2.41 1.96
204 1.57 1.48
77 0.74 0.44
44 0.23 4.2
296 3.8 3.43
30 1.14 3.96
5 4.67 3.2
129 4.48 2.46
57 3.5 4.41
371 1.17 1.32
269 1.5 2.02
178 3.86 0.69
303 1.45 4.21
50 3.58 3.17
94 1.91 0.68
124 2.29 0.22
74 3.61 0.27
380 1.98 3.76
337 2.45 1.31
202 3.76 2.95
47 0.04 1.43
18 4.03 3.34
139 3.42 1.73
69 2.8 0.12
76 1.33 3.68
307 3.04 0.04
97 2.4 3.98
201 2.88 2.08
357 3.65 1.99
212 0.52 1.04
29 1.22 3.11
300 0.34 0.78
192 4.4 1.65
284 4.51 2.78
262 2.03 2.01
282 2.73 3.79
328 3.22 3.6
330 3.67 1.93
294 0.6 1.63
6 1.76 2.23
135 0.31 2.18
105 0.91 0.58
11 3.31 2.57
15 2.14 3.65
351 0.95 3.64
286 2.83 4.29
209 3.29 0.55
119 0.21 2.72
309 4.65 0.74
31 3.55 0.88
190 0.86 1.01
199 2.05 1.71
