188
130 6.87 0.98
188 3.57 0.61
62 4.77 1.53
97 2.87 1.03
60 2.19 0.33
96 0.31 1.71
75 5.55 0.12
146 6.32 1.12
36 5.04 1.48
165 3.08 1.74
134 1.3 1.69
170 4.57 1.56
10 3.21 1.15
31 6.66 1.08
115 0.89 0.64
184 1.81 1.06
154 6.38 1.54
92 5.13 0.52
155 4.71 0.26
133 9.6 0.71
87 4.75 1.59
148 4.69 1.64
25 0.53 1.72
51 8.41 0.22
91 3.09 0.42
105 1.76 1.04
151 5.03 1.2
168 0.41 0.51
72 6.92 1.88
84 8.35 0.16
12 5.53 0.4
7 7.34 0.92
63 8.52 0.78
86 4.88 0.24
30 8.12 1.18
135 6.18 1.8
169 3.2 0.89
181 9.21 1.09
4 9.52 0.45
68 9.12 0.35
136 6.52 0.91
98 8.08 1.05
119 2.69 0.63
55 1.62 1.76
103 5.74 1.22
144 0.96 0.86
182 1.59 1.19
27 7.94 0.68
57 9.26 1.84
107 1.96 1.62
11 9.19 1.16
49 3.61 0.19
66 8.2 0.95
43 0.68 0.1
128 5.19 1.32
122 9.37 0.6
93 1.7 1.66
76 9.53 0.79
152 5.38 0.75
9 9.14 1.01
173 3.9 1.38
104 8.27 1.26
183 4.06 0.56
156 8.46 1.45
139 5.33 1.36
161 3.77 0.21
47 7.96 0.88
67 3.0 1.75
132 0.51 0.36
167 4.89 1.65
28 8.43 1.55
65 8.63 1.81
77 0.78 1.42
85 3.88 0.05
150 2.43 1.14
71 8.34 0.93
121 4.52 0.14
145 0.38 0.13
180 5.35 1.83
89 0.06 1.87
118 4.38 1.02
38 5.88 1.29
137 0.43 1.63
33 1.82 1.77
53 2.54 1.47
44 8.33 1.67
147 0.17 1.17
88 9.42 0.04
120 5.28 0.03
78 8.72 0.25
99 5.9 0.96
37 3.52 1.57
90 2.8 0.59
81 0.09 0.94
19 3.18 1.79
2 9.46 1.31
48 0.07 0.15
13 3.25 0.47
15 2.17 0.97
101 5.45 1.41
82 0.28 0.08
83 8.11 1.07
186 5.24 1.27
41 2.94 1.85
58 9.18 0.43
64 1.9 1.28
138 2.08 1.33
143 9.31 1.5
172 7.69 1.43
114 3.13 0.01
116 1.72 0.8
42 0.83 1.46
34 3.53 1.52
22 1.67 1.78
40 8.71 0.65
46 1.31 0.3
95 7.76 0.73
163 0.72 1.1
123 0.14 1.49
69 7.15 0.27
14 2.55 0.85
124 1.55 0.31
80 8.24 1.37
29 5.37 1.39
140 9.0 0.83
174 7.59 1.21
8 9.39 0.7
73 3.3 0.49
79 6.25 1.3
157 5.91 0.32
59 8.17 1.0
141 0.16 1.11
142 4.27 0.38
21 7.31 1.86
112 7.62 0.34
45 7.78 0.54
20 1.71 0.69
126 6.65 0.46
54 3.74 0.82
178 4.51 0.81
177 0.26 0.23
16 6.64 0.2
164 7.03 0.72
1 8.86 1.24
127 5.93 0.02
187 1.65 0.55
6 7.19 0.06
153 9.1 0.44
131 4.09 0.62
129 6.49 1.13
3 8.3 1.7
70 2.15 0.67
74 6.88 1.73
100 0.67 0.39
94 1.27 0.99
159 1.75 0.17
17 4.03 0.29
185 5.26 0.9
111 4.94 1.25
160 7.32 1.23
56 4.24 0.28
162 4.63 0.18
158 2.89 1.68
171 0.76 0.74
179 2.47 0.57
39 4.34 0.76
175 6.29 0.37
176 6.71 0.84
102 6.91 0.07
117 2.74 1.34
109 9.44 0.09
50 0.92 0.41
32 1.0 1.58
149 9.11 1.61
52 1.69 1.82
166 2.0 0.77
61 0.97 0.5
113 4.61 1.35
125 9.54 1.44
5 9.48 0.53
24 4.2 0.58
110 0.88 0.87
108 2.23 0.11
18 2.86 0.66
35 5.3 1.51
106 2.98 1.4
23 3.27 1.6
26 1.13 0.48
