335
75 3.52 2.72
169 1.89 2.08
227 1.66 0.56
199 3.14 3.04
249 3.44 2.35
135 3.56 3.02
99 2.25 3.25
332 3.6 1.27
220 2.47 3.03
322 2.76 1.6
247 3.21 0.07
284 2.82 2.62
255 3.34 0.98
114 2.62 2.84
289 2.43 2.17
325 0.88 0.12
162 0.89 3.2
28 2.31 0.64
38 2.51 1.71
82 0.73 1.65
188 1.97 0.84
179 1.93 0.31
106 0.69 1.1
316 0.74 3.06
66 3.27 2.99
111 0.63 0.52
202 2.44 0.08
178 2.01 2.74
279 2.33 0.28
265 1.92 0.27
58 1.76 2.34
47 0.07 1.99
17 2.59 2.89
323 0.29 2.97
155 2.17 3.33
131 3.71 1.95
91 1.36 0.3
41 2.57 0.38
59 0.52 3.32
46 0.53 1.48
170 2.45 0.83
307 2.06 1.88
102 1.23 1.79
109 2.54 0.05
196 2.69 2.95
330 0.15 2.7
168 3.1 0.73
237 2.29 2.82
201 2.92 1.03
193 2.84 1.45
160 1.86 2.59
128 0.66 3.09
115 0.16 1.62
230 3.42 2.87
331 2.75 0.94
278 2.68 2.85
271 1.61 2.5
244 1.33 2.75
80 3.26 1.23
156 1.6 3.24
213 1.13 1.74
285 1.49 3.05
76 2.41 0.34
219 3.62 1.96
122 1.21 0.36
209 0.77 3.31
95 0.54 0.93
50 0.35 2.96
89 1.4 1.66
139 3.25 0.1
205 3.49 2.58
295 2.08 1.85
9 2.79 2.68
232 2.4 1.14
77 1.83 1.19
187 2.55 3.35
167 3.2 2.6
137 2.0 2.83
51 2.95 0.09
274 0.11 1.26
182 0.43 2.45
261 3.18 3.34
198 0.18 3.19
55 1.2 0.87
45 1.79 2.52
195 0.36 2.81
277 1.41 0.45
124 2.65 2.03
272 2.6 0.86
204 1.09 0.76
243 0.6 2.2
16 1.68 1.98
309 0.01 0.17
262 0.49 3.14
300 2.77 2.29
113 0.55 0.42
74 1.65 2.09
84 0.44 1.76
37 0.62 1.64
252 3.67 1.61
186 0.23 0.79
305 2.5 1.46
208 0.08 0.44
136 3.66 2.73
269 1.52 0.43
98 0.47 3.18
21 3.28 2.48
290 2.63 2.63
175 2.42 3.11
121 2.21 0.04
13 2.49 1.63
32 1.53 2.06
184 2.16 0.5
240 0.39 3.16
149 1.32 1.55
245 2.98 0.78
72 3.45 2.32
236 2.83 2.43
318 2.91 1.56
264 3.54 2.51
68 0.98 3.0
303 0.99 1.58
73 3.7 2.18
133 3.15 1.22
116 3.33 1.92
268 1.42 1.09
190 0.86 0.58
282 2.56 0.67
241 0.57 2.23
7 2.14 0.19
246 1.67 0.49
200 1.5 3.23
181 3.51 3.13
159 2.38 0.51
24 2.93 2.1
189 0.37 0.59
12 2.9 2.66
185 0.02 0.9
292 0.91 1.15
221 3.07 0.8
129 1.48 1.17
8 2.34 2.57
112 1.96 1.8
288 0.7 1.82
211 0.92 2.55
218 1.64 1.33
33 2.05 1.86
301 0.1 1.93
71 0.22 1.89
30 3.32 2.46
143 2.19 3.01
174 2.36 0.37
313 3.38 0.41
107 0.56 1.29
297 1.59 2.4
134 1.57 0.89
56 0.26 2.53
324 0.31 1.72
226 3.58 0.22
257 0.32 1.54
280 3.3 1.81
79 1.55 0.74
97 2.66 1.4
161 1.62 2.44
319 3.46 0.18
254 3.12 1.5
267 1.26 1.44
25 2.97 1.52
286 3.22 0.97
83 2.88 0.47
329 1.08 0.91
238 3.04 1.69
212 3.23 2.86
87 0.75 0.96
14 3.35 2.79
96 3.02 0.02
224 1.11 1.31
110 1.19 0.23
78 3.65 1.7
42 0.79 2.04
88 2.04 1.59
11 2.85 0.4
242 2.73 0.85
314 1.16 1.37
69 2.53 0.72
299 1.1 3.29
57 0.45 1.43
197 1.8 2.67
153 3.05 3.08
27 0.09 3.21
215 2.87 1.0
217 3.69 2.88
165 1.04 1.38
140 1.63 2.14
65 2.67 1.16
4 1.0 3.12
320 0.21 0.16
310 0.28 0.55
317 1.39 2.15
150 2.02 3.15
210 1.82 2.12
123 0.38 1.51
287 1.27 2.3
81 1.14 2.91
44 3.24 3.3
235 0.97 1.84
304 2.3 1.32
328 0.9 2.76
70 1.99 2.94
203 1.69 0.24
132 1.85 2.16
146 2.74 2.65
334 0.96 1.77
145 1.37 2.77
231 2.86 1.12
306 1.22 3.07
225 1.01 0.26
117 3.43 2.61
216 1.38 0.77
108 0.03 0.62
158 1.35 3.26
60 2.58 1.75
144 3.17 2.24
276 1.34 2.22
192 1.02 1.87
239 0.84 1.25
26 1.12 1.39
64 0.12 2.19
125 3.11 2.36
127 1.45 2.05
296 1.84 0.33
147 3.55 1.49
327 3.06 0.57
263 1.3 2.02
3 0.71 1.73
154 0.76 0.21
223 0.67 0.06
93 0.87 2.07
163 2.81 0.54
53 1.94 2.56
15 2.94 2.33
180 2.12 2.92
275 2.24 1.02
100 0.04 0.71
54 1.05 2.01
273 2.96 0.48
294 2.46 1.04
61 0.41 0.2
126 1.91 0.25
281 1.98 2.26
103 2.2 1.01
321 3.61 3.17
2 3.39 2.8
20 0.94 1.68
326 3.13 2.28
293 2.78 2.25
233 3.09 1.9
259 1.74 1.53
302 2.1 0.82
228 2.72 1.36
183 0.4 3.28
90 2.48 0.01
39 0.13 2.37
35 3.4 3.1
141 1.75 2.47
166 3.48 1.94
258 3.74 0.32
19 1.58 0.75
48 0.51 2.11
101 2.28 2.93
270 0.46 0.99
152 0.27 0.29
298 0.3 3.22
148 0.93 1.11
214 0.5 1.34
251 2.7 0.7
229 1.78 1.41
40 3.29 0.15
67 1.18 1.35
138 3.59 1.3
256 0.42 1.05
29 0.2 0.35
172 1.07 1.13
52 1.95 0.53
43 1.87 2.64
105 1.06 2.42
291 3.37 2.31
206 0.24 1.07
176 0.17 2.41
283 2.39 2.13
333 3.19 2.49
234 1.29 1.24
120 0.64 2.39
10 3.16 1.91
118 1.77 0.14
5 1.71 2.27
6 0.58 1.57
194 2.27 0.13
250 2.22 1.67
312 2.89 0.65
34 3.0 2.21
22 3.08 0.81
92 2.37 3.27
173 2.11 1.06
119 1.15 2.9
315 3.53 1.47
335 2.35 0.66
18 1.88 0.63
31 1.24 0.03
23 1.17 2.38
1 3.31 2.54
130 1.7 1.18
36 2.52 0.11
308 3.72 1.78
49 2.15 0.6
157 1.9 2.78
260 2.8 2.71
63 1.03 2.0
191 1.44 0.61
142 2.09 0.68
207 1.56 1.28
86 3.57 1.42
222 3.68 0.95
164 3.47 1.2
171 2.71 1.08
94 2.61 1.97
151 3.03 0.92
311 2.03 1.83
62 1.46 2.69
104 3.01 1.21
177 1.28 0.69
253 0.85 0.46
85 1.31 2.98
266 0.81 0.39
248 1.51 0.88
