67
67 4.16 1.04
23 3.7 2.18
2 2.09 1.68
24 3.87 1.49
62 3.56 1.44
55 4.72 1.48
6 4.24 0.48
52 1.79 1.78
19 5.82 0.9
63 0.49 0.51
13 3.24 1.31
37 3.23 1.46
65 1.4 0.57
16 4.31 0.16
3 4.91 0.28
38 1.1 1.92
53 3.41 0.74
7 5.9 0.06
66 6.0 1.41
9 2.43 1.38
29 4.57 0.13
59 0.77 1.21
15 1.26 1.69
33 0.29 1.81
50 0.17 0.31
17 2.83 1.76
27 3.82 1.66
4 0.86 0.93
5 0.93 1.56
30 0.19 2.19
45 4.0 2.14
8 5.53 1.65
46 2.07 2.22
12 3.61 0.36
40 1.07 0.41
58 3.62 2.2
18 2.71 0.46
51 0.75 1.42
14 1.31 0.34
31 1.82 0.52
48 1.15 1.77
25 3.2 1.57
36 2.03 1.4
1 2.92 1.12
21 4.17 0.26
42 1.71 0.69
44 0.84 0.68
57 4.3 1.98
11 0.13 2.16
41 2.62 0.91
61 4.33 1.43
35 1.09 1.08
47 5.26 1.16
60 1.53 1.51
56 2.8 1.15
20 2.1 1.71
49 3.36 2.0
43 0.36 1.82
28 0.88 0.97
26 4.34 0.07
10 4.58 0.55
32 1.48 0.84
64 0.66 0.5
22 1.74 0.19
54 4.14 0.67
34 5.29 0.18
39 0.02 0.45
