138
67 2.44 1.68
41 2.78 2.55
115 2.94 2.35
3 2.43 0.32
97 0.03 3.69
79 1.28 1.05
73 3.31 3.74
88 1.56 3.63
70 2.74 2.88
81 1.01 2.1
17 2.29 2.96
78 2.0 2.13
69 1.79 0.8
53 3.55 0.79
2 2.82 2.97
89 2.16 0.78
86 3.57 2.12
11 0.42 2.78
85 0.88 3.39
35 2.28 3.19
22 2.85 2.69
42 0.25 2.04
55 1.35 0.01
136 0.94 0.12
51 2.3 2.39
83 2.7 1.24
49 1.6 3.34
116 3.02 1.26
5 0.23 1.45
27 1.24 3.21
127 3.22 0.55
121 0.14 2.95
105 3.38 1.49
63 0.81 0.85
54 0.28 3.33
119 2.48 0.28
124 3.13 3.75
120 3.64 2.5
128 2.83 2.82
135 2.36 0.02
16 1.15 2.24
52 0.35 0.83
71 1.92 3.43
14 2.71 3.62
84 2.98 1.66
111 3.07 0.71
24 3.09 3.77
13 1.61 1.33
77 0.67 2.52
12 2.86 2.92
58 0.72 2.36
29 3.37 3.83
43 2.64 0.87
129 0.15 0.61
30 2.51 2.15
95 0.06 3.79
117 2.88 1.61
59 0.86 2.91
66 0.64 1.11
80 1.8 0.75
68 0.53 0.13
113 1.36 0.89
37 2.04 2.44
92 0.98 1.34
4 2.77 1.35
131 3.11 2.86
31 2.22 3.41
72 2.67 1.36
60 2.14 3.23
19 2.55 3.37
57 0.01 0.84
32 1.42 3.52
8 2.89 0.14
21 2.69 0.2
18 2.09 3.15
125 1.4 0.95
137 0.85 0.38
38 3.53 3.28
74 0.08 1.13
87 3.49 1.17
50 3.62 3.59
33 2.13 3.08
123 0.32 1.54
26 2.4 1.21
96 2.65 3.07
102 0.22 0.15
9 0.33 1.78
45 0.39 1.46
91 1.18 1.8
122 1.89 3.78
100 0.93 3.18
34 3.56 0.03
25 1.7 2.46
126 0.19 1.03
23 1.51 1.57
46 1.77 1.58
64 0.75 3.81
107 0.8 1.25
40 2.66 3.31
109 2.73 1.01
98 2.37 2.77
118 0.84 2.67
15 1.37 0.26
112 2.76 2.48
1 1.04 0.51
48 3.2 2.06
36 0.65 1.44
28 0.56 0.52
6 2.12 1.19
62 0.77 2.33
61 0.63 1.02
132 3.0 0.73
130 1.39 1.67
93 0.27 0.99
75 3.18 2.85
138 0.78 3.4
10 2.42 0.81
44 1.96 0.65
90 0.61 2.75
65 1.12 1.47
99 3.42 3.56
20 2.38 1.56
39 1.75 2.63
94 1.63 0.91
114 1.49 3.5
134 2.26 2.79
7 0.91 0.54
47 3.12 1.96
103 2.96 2.89
56 0.6 0.25
108 1.0 2.45
101 1.57 2.07
133 0.59 1.85
76 0.18 1.08
106 3.32 2.03
110 3.08 1.06
104 0.69 1.39
82 0.44 3.09
