222
112 5.02 2.07
204 5.25 0.56
160 9.13 0.76
140 7.11 1.5
135 4.35 0.42
76 6.36 0.86
25 6.95 1.89
70 6.28 0.18
200 9.4 0.83
119 7.65 0.53
55 1.47 1.01
34 1.88 0.69
75 8.42 0.31
129 3.72 0.59
137 8.16 0.08
61 5.35 0.89
127 5.87 1.19
31 5.27 0.79
43 7.58 1.04
93 8.73 0.45
205 9.53 0.74
26 2.08 0.95
44 6.96 0.58
67 6.97 2.15
77 4.43 1.1
158 2.71 1.18
42 2.39 0.36
192 4.36 2.11
222 7.17 1.36
32 2.12 0.92
185 4.51 1.69
163 6.26 2.19
21 9.29 1.79
46 9.24 0.09
85 2.47 1.93
201 7.84 0.15
161 5.62 0.52
41 9.64 1.55
36 4.68 0.21
172 9.83 0.29
16 8.84 1.9
120 4.56 1.58
212 1.2 0.67
202 2.87 0.94
136 0.4 0.63
141 1.51 2.12
139 9.31 1.24
138 5.93 1.02
177 8.39 1.7
124 9.61 1.62
66 4.67 2.16
72 5.24 0.55
169 1.46 0.19
28 1.61 1.49
57 1.91 0.57
123 4.02 1.85
49 3.21 1.84
38 3.68 1.81
100 0.76 0.04
213 7.74 2.14
175 7.93 0.61
168 2.09 1.27
167 1.81 1.94
69 5.96 1.73
64 6.45 2.18
208 3.01 1.82
60 8.37 1.52
184 1.17 1.83
3 9.57 0.23
52 8.0 1.03
13 8.82 2.22
102 4.41 1.23
145 5.86 1.17
80 6.41 1.46
149 3.62 0.35
209 0.44 0.16
29 0.69 1.68
27 6.13 2.1
182 9.1 0.88
14 7.28 1.41
199 3.19 0.07
63 8.24 1.21
18 1.71 0.97
17 4.0 1.45
191 3.75 0.73
165 1.4 0.78
24 5.36 0.44
196 1.05 0.24
39 4.28 2.17
109 6.43 0.02
173 0.72 0.93
159 9.39 1.64
81 0.29 1.22
47 0.2 2.01
7 8.85 1.43
106 4.87 0.66
162 2.51 0.96
144 8.15 1.29
54 8.45 1.99
115 6.87 0.84
125 7.05 0.26
190 0.16 1.96
89 8.86 1.44
211 1.83 2.2
73 8.88 1.48
153 3.51 2.05
195 3.06 1.37
71 9.48 1.4
20 6.21 2.21
215 7.1 0.49
114 6.47 2.0
178 4.52 1.15
164 0.26 0.14
10 5.26 0.8
216 5.0 0.85
86 6.11 0.64
179 4.95 0.1
128 4.57 2.06
79 6.1 1.35
84 5.56 1.97
65 7.98 1.75
110 8.8 0.43
186 2.91 0.33
218 9.73 1.33
105 1.36 1.95
4 1.65 1.14
148 0.1 1.39
188 3.29 1.11
37 7.22 1.09
83 3.73 1.98
11 6.69 1.88
130 3.89 1.05
217 0.71 0.3
154 8.13 2.02
96 9.6 0.37
152 5.84 0.34
193 1.93 0.46
5 0.84 1.12
88 4.85 0.9
157 3.76 0.2
187 4.4 0.72
183 1.89 1.74
91 3.86 0.54
210 1.97 2.04
117 0.14 0.51
6 7.64 0.48
15 7.61 0.28
2 5.97 1.3
50 0.18 0.75
45 1.11 0.12
116 8.09 0.27
87 9.42 1.25
219 4.79 1.2
171 1.13 1.59
9 7.96 0.22
33 3.33 1.86
166 9.16 0.4
207 3.93 0.38
197 2.52 1.08
101 7.43 1.8
90 6.04 2.09
8 5.81 1.13
156 5.9 0.47
35 9.58 0.65
78 5.77 0.7
104 6.0 1.47
150 1.62 0.06
111 4.46 1.38
40 7.3 1.91
23 6.51 1.66
126 0.33 0.87
147 8.74 1.76
174 4.07 1.28
142 8.28 1.63
95 5.4 1.67
48 9.38 1.71
99 4.01 1.0
143 4.61 1.77
220 9.81 0.39
151 5.85 0.98
113 0.06 0.91
94 8.26 0.81
103 3.71 1.06
176 0.34 1.65
53 4.71 0.01
98 3.36 0.41
56 5.04 0.68
203 1.55 2.08
108 8.99 1.26
206 1.41 1.34
107 6.33 1.92
181 4.59 1.61
198 6.93 0.71
51 6.64 1.31
170 4.93 0.13
131 0.41 0.62
121 4.1 1.51
146 6.32 1.87
118 0.7 2.13
122 7.7 1.78
19 3.55 1.16
1 0.04 1.72
189 4.84 2.03
155 9.72 1.53
97 7.91 1.57
194 5.34 0.77
214 0.52 0.82
30 1.28 1.54
68 0.89 0.32
180 8.77 0.5
59 2.79 1.56
74 4.77 1.6
221 8.36 0.99
62 4.33 0.03
58 2.73 1.32
133 6.7 0.17
82 8.25 1.07
132 3.24 0.6
92 1.42 0.25
134 4.54 1.42
12 2.27 0.05
22 8.27 0.11
