437
60 5.1 0.35
146 2.75 9.05
287 1.42 7.73
390 2.19 7.2
69 2.48 8.6
175 3.38 0.62
381 7.12 2.81
355 5.26 2.23
340 4.09 2.16
180 4.86 4.85
133 2.12 7.13
370 1.62 5.02
304 4.9 6.96
18 5.87 2.99
366 5.95 8.21
20 6.01 7.75
303 3.34 0.63
122 4.66 3.63
409 4.26 1.42
83 0.23 6.72
48 1.8 5.45
347 4.38 4.9
168 6.7 1.12
189 1.97 7.71
157 3.89 7.88
408 1.46 5.53
194 1.53 5.07
346 1.55 7.61
86 3.16 6.8
101 7.17 6.08
219 5.19 6.49
151 5.86 0.59
111 3.17 2.83
318 0.42 6.12
245 0.08 6.78
392 6.44 0.69
417 6.41 7.39
29 3.19 8.78
372 1.61 2.22
90 2.93 5.75
110 6.83 3.38
144 5.14 1.14
385 0.15 5.94
281 4.71 1.48
373 1.69 0.91
290 4.43 7.38
279 3.1 6.21
267 0.06 5.32
328 3.66 6.68
415 6.66 8.95
319 1.67 1.3
423 0.17 2.95
145 0.54 3.95
43 5.6 6.81
224 2.86 8.19
185 2.34 7.21
326 6.13 8.47
229 6.0 3.89
49 1.85 8.77
187 2.76 4.91
184 0.38 1.9
295 2.91 4.79
406 5.93 2.85
404 2.02 7.43
398 0.02 6.67
306 3.88 6.59
218 7.41 8.71
368 1.65 4.24
95 3.02 0.94
383 0.5 9.09
273 6.23 0.34
27 5.27 8.69
19 5.39 4.66
241 2.35 7.35
240 3.14 1.53
323 2.49 0.71
412 5.42 4.26
420 5.16 0.77
353 1.25 2.17
203 1.63 4.63
354 0.8 2.11
233 5.0 2.48
12 1.2 8.04
382 4.45 1.05
98 4.73 8.15
378 0.48 7.57
102 6.34 2.1
121 5.76 3.5
39 3.51 5.18
309 7.34 2.62
126 3.35 5.41
66 3.73 4.33
426 0.69 4.52
314 5.43 4.23
42 0.16 2.13
205 1.91 1.49
226 0.3 1.59
143 1.37 4.65
7 2.46 6.51
337 7.03 5.43
211 3.6 8.83
36 7.11 7.28
10 5.15 4.56
351 1.45 1.69
235 2.06 9.17
119 1.52 8.82
278 3.13 7.15
325 4.57 7.64
341 2.28 3.35
256 4.49 1.87
270 2.87 7.17
87 5.77 1.74
163 6.77 1.43
274 6.56 5.83
299 4.7 1.52
124 5.85 2.37
123 3.45 7.87
148 5.83 3.11
322 2.32 3.66
58 1.9 7.77
301 5.18 1.4
14 4.0 0.97
369 1.49 4.7
317 7.47 5.72
294 1.39 9.15
410 6.39 6.53
97 1.92 8.05
177 6.14 1.01
277 5.84 4.49
61 3.4 3.31
139 6.86 7.72
188 7.15 2.87
432 4.21 2.51
174 6.18 3.15
67 3.95 3.91
338 0.66 7.58
9 5.02 8.79
51 7.4 5.6
198 0.78 0.86
96 3.06 6.89
193 1.51 5.92
165 2.73 6.24
208 2.64 8.88
45 3.63 3.17
360 4.23 4.53
200 5.63 7.49
63 5.09 3.43
112 7.13 5.88
223 4.44 7.51
210 4.85 6.87
213 0.91 8.12
308 3.72 6.01
264 6.09 2.18
329 4.03 5.03
147 2.52 8.31
100 3.22 1.23
136 5.55 0.51
380 4.47 2.9
321 2.51 7.32
427 1.66 6.82
391 0.84 0.56
59 3.92 4.15
117 0.1 7.94
239 4.93 4.05
222 0.94 8.93
247 0.62 7.99
120 5.89 7.36
206 2.7 5.3
166 7.01 3.07
389 2.33 2.84
173 1.44 9.21
343 5.17 0.92
434 5.75 3.51
137 6.92 1.79
85 0.57 0.02
11 2.13 1.93
352 4.8 1.77
424 5.61 1.34
358 7.0 0.73
231 3.64 6.11
332 2.74 1.85
197 6.31 6.48
195 3.21 5.96
76 5.72 1.36
68 1.15 6.29
41 2.04 8.44
1 2.88 4.57
327 2.07 8.75
182 0.56 1.18
250 2.36 2.09
99 0.12 3.86
265 6.02 4.54
135 4.07 0.12
107 4.53 6.92
433 2.55 2.54
285 5.8 5.7
216 7.45 0.89
367 1.17 9.22
386 5.22 1.91
72 4.3 1.97
284 0.36 4.5
288 0.93 3.83
405 2.65 7.48
25 7.04 1.09
21 1.88 5.38
364 3.48 8.42
34 0.11 0.46
201 6.63 0.82
374 2.5 8.58
414 0.51 3.22
393 3.25 8.99
154 1.75 8.85
296 3.76 3.98
28 0.04 7.97
78 5.34 3.08
40 6.46 4.06
127 2.14 7.37
237 2.05 8.27
65 5.91 1.0
331 1.16 4.09
348 0.13 7.92
399 1.83 7.42
419 6.27 6.56
164 6.11 8.51
397 4.11 6.62
388 2.57 3.09
141 0.65 5.2
31 7.07 0.65
172 6.48 2.47
403 2.83 7.78
220 6.4 8.3
336 1.47 0.22
149 0.05 4.75
52 0.39 3.24
363 1.03 3.71
64 2.58 1.11
169 5.99 6.84
379 6.51 7.8
190 6.78 1.25
313 3.29 6.9
244 0.92 1.54
311 2.3 9.1
162 6.49 3.0
104 6.3 4.61
118 3.55 7.91
371 0.25 0.2
402 6.98 1.29
260 7.21 7.22
6 5.5 7.19
212 1.4 2.49
342 4.74 8.84
262 5.23 5.79
105 1.27 0.01
30 3.96 4.41
272 5.82 3.47
181 4.92 6.71
297 4.79 4.81
159 0.83 2.78
394 6.03 4.04
75 1.19 0.11
79 7.33 9.01
179 6.93 4.1
82 0.81 4.55
46 1.96 6.18
171 2.89 3.37
234 1.57 4.36
395 7.31 4.48
115 2.54 0.43
15 2.23 2.14
282 5.32 8.73
24 0.47 9.08
140 0.18 4.77
324 4.6 0.07
2 2.8 4.94
315 6.52 1.47
227 2.95 6.76
129 6.08 8.36
17 1.77 6.44
261 2.82 3.73
74 1.23 2.72
425 4.4 6.28
259 4.36 4.43
207 4.13 4.82
437 5.71 3.9
344 6.24 3.72
225 0.89 0.5
202 4.69 9.19
280 4.02 9.28
128 2.38 2.76
283 6.25 6.25
57 5.2 4.17
192 3.94 5.33
431 4.75 5.21
47 6.29 3.26
150 6.19 8.48
269 2.53 2.41
55 0.49 4.21
421 4.18 7.82
413 1.73 2.79
401 7.38 8.33
333 5.13 5.9
156 2.18 3.97
349 5.52 3.6
26 2.62 7.14
350 3.28 5.77
436 5.11 0.05
238 0.2 6.4
375 1.0 1.16
155 0.76 0.37
312 6.9 5.62
435 0.98 0.6
92 1.95 8.23
362 3.62 8.14
113 1.36 5.91
275 2.77 4.6
125 1.11 2.67
214 1.13 1.83
8 0.34 3.92
246 7.08 1.1
196 5.28 8.94
186 1.31 6.41
33 6.26 1.61
209 3.42 0.25
292 0.55 4.46
400 1.28 2.43
32 4.33 8.81
242 5.07 0.15
377 4.46 2.53
131 2.29 8.18
161 0.01 6.5
271 3.0 0.17
232 2.42 6.73
62 6.87 3.21
416 4.19 7.1
70 5.04 4.71
44 3.09 7.85
257 0.7 7.83
221 2.26 7.53
429 0.77 0.44
138 2.56 1.76
142 5.88 3.65
153 1.76 3.39
88 4.5 5.48
93 6.36 7.9
103 3.8 0.83
254 0.88 5.54
396 2.08 4.95
23 6.35 0.85
38 5.67 2.63
263 6.68 6.04
37 3.74 6.69
298 4.97 9.04
35 7.36 7.7
268 6.99 1.73
422 5.74 8.56
276 2.61 5.25
80 1.21 7.29
330 0.9 0.93
430 2.69 5.0
22 0.41 9.02
108 1.98 4.28
302 2.97 3.27
361 6.67 1.32
293 1.78 3.57
291 0.46 3.36
89 4.2 4.01
53 2.4 1.96
365 6.76 4.87
134 0.73 3.45
204 2.15 8.62
387 5.66 3.85
305 5.37 8.65
73 1.32 8.16
13 3.81 5.17
300 4.67 6.46
106 6.88 7.4
286 2.9 3.93
217 3.37 0.88
356 4.52 2.44
176 1.68 2.86
228 3.04 5.52
253 6.21 3.84
334 4.64 2.01
116 4.84 5.24
71 2.1 4.18
335 3.43 4.42
320 1.64 3.67
183 0.72 1.64
191 5.46 5.84
251 0.24 7.05
310 4.24 5.16
16 5.92 2.05
384 0.09 1.19
248 0.63 8.34
77 2.81 2.08
289 1.08 7.09
109 0.74 5.51
130 6.74 4.2
4 7.39 8.53
339 6.57 5.59
307 3.84 2.69
158 5.35 3.54
249 6.33 7.07
407 6.81 2.15
167 1.93 9.11
411 0.07 8.91
215 2.03 9.25
91 4.14 5.57
243 4.58 4.03
50 6.07 3.3
376 7.29 0.16
255 6.82 1.31
5 1.18 2.36
258 3.79 6.93
178 6.6 0.32
230 0.97 3.16
357 2.0 6.47
56 3.33 4.99
418 2.96 4.0
252 1.43 1.38
94 1.54 3.42
316 3.01 5.73
345 0.64 5.1
3 0.22 0.96
170 7.42 4.58
152 1.56 6.06
160 3.05 6.58
81 3.15 3.96
236 4.76 5.71
54 4.62 5.74
132 5.45 0.81
266 6.79 9.07
114 2.24 5.49
359 1.89 5.78
428 1.87 6.64
84 5.62 3.82
199 3.56 5.39
