226
77 1.73 1.08
133 2.16 1.0
186 1.71 3.53
115 1.67 0.55
109 1.86 2.4
45 0.52 0.88
66 0.81 0.78
22 1.44 3.01
143 1.27 3.19
2 1.49 1.48
95 1.48 2.69
1 1.97 1.22
190 1.78 3.5
101 0.96 0.16
223 0.02 2.54
13 0.19 2.15
140 1.75 2.04
187 2.21 0.48
54 1.02 2.87
198 0.57 3.11
19 1.77 2.57
16 1.42 1.58
18 1.16 3.24
204 2.08 2.71
23 1.14 1.34
102 1.85 1.66
136 1.74 2.35
185 0.36 3.17
122 1.39 1.1
48 1.4 1.65
139 1.19 1.54
176 1.34 3.59
219 0.2 3.6
5 1.31 2.89
183 0.64 2.91
81 1.88 0.92
144 2.14 3.32
162 1.96 0.76
184 1.56 1.77
30 0.05 0.86
42 1.7 2.75
104 0.07 0.05
210 0.68 3.37
218 1.01 1.84
10 1.98 0.65
171 0.78 2.44
68 1.21 2.01
149 0.45 0.36
153 1.84 1.07
83 1.91 0.19
27 1.29 0.97
113 1.94 1.43
4 0.22 1.8
126 1.07 3.48
117 1.65 1.02
125 2.0 1.15
165 0.67 2.5
195 1.63 1.19
12 1.66 2.72
132 1.76 0.34
172 1.23 1.14
188 0.61 1.5
212 1.93 2.02
170 1.6 3.3
202 0.5 0.68
147 1.08 1.2
72 2.03 1.85
44 1.9 0.09
80 1.79 3.07
164 0.1 0.56
135 1.5 2.38
105 0.84 2.68
73 0.16 0.54
3 2.15 1.37
86 0.91 2.85
201 0.21 2.78
181 0.15 1.25
74 0.94 2.8
71 1.18 2.17
112 0.46 2.53
75 1.87 2.74
124 1.13 0.52
67 2.2 0.15
25 2.09 0.44
21 1.55 2.16
137 0.31 2.6
203 0.17 0.66
94 0.87 2.98
197 0.63 2.7
32 1.64 2.52
120 1.04 1.99
50 1.17 2.32
39 0.89 0.57
118 1.62 2.33
41 0.99 0.23
79 0.85 2.92
53 0.01 3.49
194 1.57 1.83
169 1.46 1.09
196 0.09 0.08
131 0.49 1.23
31 0.54 1.21
216 2.02 1.11
98 0.69 3.56
127 1.59 0.38
24 2.24 2.66
142 1.0 1.28
78 0.4 3.1
52 1.2 0.81
226 0.65 3.54
85 0.77 1.91
110 0.92 2.73
65 0.29 3.36
128 2.22 0.03
99 0.41 1.92
146 1.36 2.09
213 2.25 3.03
200 0.58 2.59
51 1.52 0.84
145 2.04 0.4
63 0.82 0.6
222 0.11 3.52
100 2.23 1.41
33 0.3 1.76
58 0.18 3.08
206 0.42 2.46
29 1.81 2.64
191 1.06 1.17
175 1.68 0.43
47 0.43 3.16
7 1.09 0.32
158 2.1 0.11
57 1.61 1.78
34 0.33 0.07
182 2.26 2.24
20 0.39 1.26
59 1.26 1.38
56 1.22 2.79
209 0.71 0.51
208 0.9 3.63
123 0.51 3.42
119 2.06 3.45
96 1.1 2.06
36 2.12 2.18
173 0.23 3.62
177 0.97 3.67
174 1.82 2.3
192 0.44 2.95
161 0.59 1.24
46 1.25 1.56
156 1.8 1.7
8 1.69 3.22
116 0.8 3.55
87 0.34 1.13
28 0.38 0.14
214 0.7 0.02
129 2.05 2.07
26 1.11 2.81
84 0.13 3.15
225 1.45 2.2
217 0.35 1.79
103 1.37 0.63
178 1.99 0.77
35 1.35 1.87
108 0.03 0.91
224 0.75 1.97
17 1.92 0.35
207 1.32 0.98
205 0.37 1.96
15 0.55 0.64
106 1.95 3.65
121 0.88 2.86
193 1.3 2.67
90 0.06 1.04
43 1.15 1.73
114 0.24 1.89
64 1.28 0.39
154 1.03 2.84
107 0.62 0.79
69 0.73 0.67
150 0.74 0.53
168 1.51 2.43
160 2.01 0.99
167 1.72 1.61
76 0.72 0.45
159 0.48 1.01
60 0.27 2.47
157 0.08 1.36
11 2.11 0.12
14 1.33 0.62
152 1.89 1.9
49 1.41 1.3
40 0.53 2.19
163 1.05 1.63
37 2.17 3.27
141 1.24 1.42
221 0.76 1.62
199 1.54 2.62
91 0.28 1.59
55 0.14 0.17
215 1.83 2.34
111 1.58 0.82
166 0.83 2.14
148 1.12 3.57
189 1.43 0.95
62 0.12 2.65
61 0.56 0.3
97 0.6 3.18
92 2.13 2.21
134 0.79 1.49
179 0.86 1.86
155 2.19 2.45
88 1.53 3.58
70 0.26 2.94
151 0.32 1.27
211 0.04 0.8
130 2.18 3.25
6 0.47 2.93
93 0.25 2.96
220 2.07 2.08
38 0.98 3.68
180 0.66 3.21
82 1.38 1.53
89 0.95 1.44
9 1.47 1.12
138 0.93 0.33
