362
98 2.89 4.7
183 1.78 2.92
170 2.25 2.9
65 1.81 4.84
91 1.04 0.02
173 3.15 3.6
319 2.07 1.22
193 0.07 4.04
177 3.79 2.23
179 0.12 0.99
329 2.36 0.27
270 1.21 1.98
82 0.91 3.17
191 1.47 2.47
175 0.83 1.08
209 0.63 3.97
267 1.61 3.53
362 2.69 0.21
32 1.32 1.74
306 3.83 4.76
96 2.83 0.79
68 1.35 1.87
111 2.99 0.66
357 1.23 3.27
300 2.09 3.65
349 0.73 1.14
106 0.38 2.02
108 2.43 0.48
117 0.49 0.15
122 2.24 4.27
285 1.19 3.33
42 3.19 3.87
131 3.49 3.06
138 2.55 1.23
356 1.73 2.6
282 2.88 4.56
226 2.15 4.63
81 3.13 3.09
57 1.75 3.84
148 1.76 1.71
272 3.6 1.79
283 1.42 1.17
152 2.39 2.87
210 3.42 4.86
38 1.33 3.45
119 0.57 2.66
273 0.5 4.78
3 0.88 1.03
41 0.46 0.53
269 3.34 2.46
200 0.84 4.19
212 1.1 2.68
204 1.2 1.96
317 3.51 0.41
305 3.74 2.67
332 2.54 2.06
258 0.76 3.98
66 1.53 4.34
110 0.3 2.39
134 1.79 2.54
27 2.79 1.97
298 0.02 1.1
11 0.61 0.74
144 1.5 3.15
125 3.11 0.78
151 2.57 3.32
73 3.8 2.41
339 0.29 2.85
2 2.38 4.53
109 1.44 0.6
63 0.43 1.66
289 1.95 1.43
313 0.25 0.06
205 2.51 0.25
241 2.87 4.4
351 1.77 1.48
249 3.0 0.47
237 1.83 1.32
360 1.87 4.69
221 1.9 0.36
240 0.99 2.35
335 0.33 2.55
194 1.28 3.48
192 3.23 0.62
287 3.12 1.36
30 3.55 3.0
146 0.82 0.65
182 2.01 3.75
128 0.21 0.24
12 0.56 4.18
171 0.1 3.12
93 1.8 0.92
89 3.76 3.25
156 3.29 3.24
69 2.86 4.45
160 0.06 0.07
120 2.34 2.38
266 0.42 2.88
208 3.07 1.82
224 0.35 2.21
252 3.48 3.49
301 3.28 2.57
97 0.87 4.14
88 3.67 1.13
347 3.78 0.85
21 1.89 4.5
186 3.4 4.07
10 1.45 0.22
92 1.58 1.95
33 2.16 0.44
316 0.27 3.85
314 3.81 2.01
104 2.2 1.02
141 2.98 1.62
77 0.6 2.82
220 0.54 0.37
86 3.45 2.97
46 1.08 0.49
40 2.85 3.74
280 2.81 3.73
115 3.43 4.15
234 2.93 4.74
140 1.52 0.51
95 2.59 4.52
61 3.62 2.8
15 0.18 1.47
43 1.29 1.51
333 0.05 1.0
143 0.23 1.09
4 3.05 1.31
13 1.17 1.75
337 0.19 3.55
342 1.11 2.58
80 0.89 1.56
20 0.55 0.32
75 2.76 0.28
330 2.19 0.7
341 0.32 4.67
308 2.04 0.13
118 0.26 4.65
55 0.71 0.23
24 1.46 2.04
59 0.79 1.61
323 1.37 2.79
161 3.77 4.02
214 1.02 3.78
268 0.75 4.28
318 0.93 3.7
74 2.06 3.72
245 3.33 0.16
123 1.14 1.73
157 1.71 1.11
47 0.37 1.44
235 2.52 4.47
254 3.75 3.61
78 0.09 0.4
116 1.56 0.08
76 0.48 4.36
19 0.8 0.17
100 2.94 0.19
99 3.02 2.69
197 3.32 2.74
290 3.63 4.33
230 0.34 3.11
121 1.82 4.06
48 3.7 3.64
359 1.62 1.28
112 1.65 0.69
264 2.9 3.81
83 3.39 2.11
52 0.31 3.62
322 2.64 0.9
263 2.56 1.78
37 1.36 1.12
164 0.65 4.38
150 1.4 0.2
137 0.94 3.51
195 3.24 3.76
85 1.07 1.93
297 2.45 0.12
344 1.48 3.59
114 2.73 2.19
312 1.74 1.33
222 3.73 1.24
180 1.18 1.65
94 2.42 4.87
163 0.13 0.77
255 2.29 0.57
196 3.03 0.31
7 3.17 3.82
50 0.69 3.39
54 3.69 2.75
6 1.49 2.05
169 2.58 0.38
133 2.68 1.77
132 0.64 0.94
257 3.3 4.25
178 2.1 2.32
166 1.39 1.9
327 2.11 2.56
18 0.16 3.13
101 1.91 2.59
232 2.71 3.08
207 1.27 0.05
265 1.97 0.61
284 1.98 4.81
354 3.56 1.68
307 2.17 4.22
187 1.69 1.21
149 1.66 0.54
60 0.72 2.91
201 2.48 0.35
228 2.53 0.72
189 1.41 4.59
229 0.22 1.16
345 1.63 4.09
188 2.82 1.81
142 2.47 3.86
260 3.71 1.6
5 2.26 1.91
135 3.54 4.03
242 0.92 1.7
39 3.53 2.65
90 1.54 2.5
278 2.97 3.04
35 0.36 4.37
168 3.5 2.77
25 0.15 2.64
328 3.38 1.25
213 3.27 1.86
288 0.95 4.0
296 2.5 3.58
321 3.14 1.76
281 1.64 0.67
293 2.8 4.66
244 2.91 3.38
165 1.43 4.13
276 3.08 1.4
279 1.94 1.06
28 0.45 0.11
215 3.59 0.56
102 3.82 3.23
16 0.52 3.56
336 3.16 2.61
309 3.18 2.03
176 3.52 2.94
324 2.03 4.62
325 1.22 1.84
292 3.72 2.44
238 1.15 3.44
184 3.01 3.88
277 3.65 1.72
225 2.4 0.45
1 0.28 0.81
199 1.03 3.46
67 0.4 1.94
291 0.24 2.53
218 0.04 1.63
259 2.77 3.21
79 2.67 0.71
124 0.68 3.4
44 2.14 1.42
23 1.34 0.14
14 2.32 4.05
326 1.12 1.15
358 2.41 4.61
202 2.23 2.07
274 2.18 2.3
302 2.72 2.86
162 2.75 4.73
64 1.0 4.29
348 2.61 4.51
262 0.08 3.43
51 3.37 2.95
286 0.98 0.34
311 2.31 2.37
236 1.96 0.01
271 0.53 4.79
253 2.63 0.84
223 2.12 1.01
70 2.92 4.32
251 0.62 1.27
84 0.74 2.2
304 2.0 1.54
217 0.58 0.8
153 2.96 3.66
231 3.64 2.62
31 1.05 3.35
315 3.26 0.55
340 1.38 0.97
129 1.24 0.93
45 0.77 1.5
172 1.31 4.41
198 0.97 2.7
147 0.67 0.09
261 3.68 3.69
350 2.21 1.59
9 3.2 0.59
334 2.66 0.91
295 2.37 2.18
233 2.35 3.94
8 0.11 3.57
49 2.6 1.2
203 1.09 2.49
246 3.31 2.76
107 0.7 3.01
103 2.84 3.92
53 1.88 0.64
145 0.2 1.92
155 1.25 0.43
130 3.41 4.42
299 1.7 3.34
303 2.22 0.86
239 3.58 2.0
136 0.41 0.29
105 2.65 3.19
275 2.95 3.03
355 1.93 3.3
154 1.72 1.99
256 1.51 3.37
58 1.92 3.89
248 1.59 0.18
343 3.21 2.14
181 0.03 3.9
219 3.36 3.91
338 2.33 2.13
72 2.02 1.39
167 1.01 1.37
353 0.86 3.18
190 3.35 2.12
29 1.3 1.04
247 2.27 1.49
174 3.06 2.24
34 0.51 4.3
36 3.1 4.85
22 3.57 1.07
361 0.85 1.83
216 2.28 4.57
211 3.46 0.96
17 0.14 4.75
331 1.84 1.34
352 2.13 4.77
113 0.01 3.22
346 0.17 4.1
139 3.04 0.73
158 3.25 4.72
206 1.57 2.33
310 3.09 2.83
62 0.47 2.08
71 1.06 2.42
320 2.44 1.19
56 1.99 0.95
227 0.9 4.11
250 1.55 1.38
26 1.68 4.21
159 3.44 3.93
87 2.49 0.46
243 0.78 4.6
127 3.61 3.31
126 2.62 4.71
294 3.66 1.3
185 0.96 2.51
