223
41 0.66 6.02
70 3.75 3.58
143 1.39 1.42
176 0.54 2.39
129 0.48 2.87
191 2.45 5.25
157 2.79 0.67
201 1.8 5.29
81 1.59 5.02
95 2.8 1.99
94 1.55 6.21
119 0.94 0.48
102 4.89 2.33
60 1.77 7.33
59 4.94 5.93
205 3.48 0.01
1 5.16 6.38
134 3.19 1.61
115 3.59 7.04
72 5.18 0.47
217 1.82 6.85
75 3.99 1.2
138 2.92 0.6
161 4.48 7.34
71 4.42 2.51
113 2.4 6.17
130 3.12 6.89
45 4.77 4.56
120 2.01 0.92
90 2.02 0.38
214 0.57 2.31
187 3.0 2.53
206 2.25 7.16
179 2.13 6.16
100 2.17 2.67
82 0.19 1.41
197 3.47 2.55
128 2.47 2.88
92 1.01 5.56
62 2.69 3.16
182 1.75 1.35
215 0.82 5.63
23 5.19 6.59
216 0.24 0.29
105 3.96 2.9
140 1.92 2.75
200 1.04 1.77
204 1.0 1.15
21 4.44 2.43
180 4.85 4.94
220 5.03 6.71
14 2.41 7.5
5 3.81 5.97
212 3.55 4.8
38 5.11 5.38
151 4.34 3.73
7 2.05 6.94
116 4.13 3.2
135 2.6 0.44
97 0.08 2.54
101 1.05 2.46
146 1.26 5.36
127 3.17 3.84
10 2.21 0.28
42 2.95 4.53
177 0.89 2.25
109 4.22 6.34
154 2.51 4.31
218 4.31 3.13
156 2.44 5.24
106 4.33 7.14
168 3.44 5.74
25 4.24 7.29
80 4.75 1.44
169 1.54 6.49
111 1.48 6.61
65 0.07 0.7
89 0.36 2.85
56 3.46 6.24
108 3.29 0.46
6 3.68 7.3
26 1.25 7.28
96 3.13 6.35
209 0.04 6.18
147 1.06 0.21
52 4.87 5.3
183 4.06 0.72
29 0.51 6.42
164 4.76 3.57
50 0.83 1.51
77 4.32 0.37
175 4.43 3.05
171 2.12 6.39
85 2.78 3.86
149 2.5 1.46
33 3.65 5.32
37 3.64 0.32
91 3.89 5.76
185 2.19 5.06
170 4.16 4.0
196 3.32 3.78
68 3.22 5.94
61 0.31 3.07
141 0.38 2.6
79 1.22 2.2
73 4.08 4.74
158 3.38 1.34
144 2.11 0.45
155 0.84 0.98
223 3.98 0.14
207 4.64 1.45
34 1.4 6.28
47 4.98 2.38
86 1.51 4.49
3 3.01 6.29
166 0.09 1.1
58 1.96 3.38
142 0.44 1.57
125 3.86 4.96
153 0.58 0.58
126 2.83 5.16
46 0.14 5.89
76 3.9 7.38
178 2.1 3.93
36 2.87 1.84
74 5.07 7.49
167 0.95 2.91
64 3.37 6.73
137 4.65 0.22
186 0.06 5.35
132 1.19 4.35
203 4.51 7.06
48 4.38 1.03
221 4.01 0.74
165 2.29 2.28
131 1.32 4.59
136 4.62 1.95
43 4.61 5.7
88 3.91 2.3
69 0.03 5.78
93 2.7 1.76
2 0.42 2.01
32 0.7 4.47
208 4.8 3.22
121 0.29 2.5
66 1.15 4.68
13 2.43 2.97
184 2.62 2.73
53 2.14 1.98
163 3.93 6.04
222 4.67 4.77
84 0.74 3.97
18 2.26 3.09
87 2.72 0.02
12 1.52 7.17
44 4.83 4.86
123 4.72 3.36
55 4.29 3.03
198 2.57 5.84
110 5.09 3.91
150 2.2 3.1
35 1.68 6.6
39 0.75 6.87
122 0.39 4.87
112 2.22 4.92
31 1.91 2.36
40 3.85 1.81
17 0.25 5.79
20 3.21 5.34
124 3.3 0.54
22 3.71 1.33
159 1.61 3.49
133 3.23 6.07
24 1.41 0.59
4 2.73 2.13
8 0.87 1.01
57 3.42 5.11
199 1.18 3.87
51 5.2 1.13
114 3.94 4.44
194 4.95 0.86
28 4.73 6.68
27 3.31 1.68
11 0.47 2.65
9 5.08 5.81
195 0.02 2.66
15 0.28 1.0
152 0.12 2.94
103 2.31 5.41
78 2.75 7.2
19 2.97 0.61
160 2.16 7.23
190 3.26 1.82
139 3.16 3.0
202 3.82 0.55
219 0.63 1.12
99 4.28 0.36
98 1.09 2.21
189 1.88 4.84
145 0.56 0.53
83 3.1 4.63
173 0.91 7.15
104 5.12 1.86
188 4.99 7.41
192 4.5 4.25
162 0.61 4.46
49 1.23 0.94
30 4.56 6.37
148 4.02 6.25
181 4.47 6.95
117 3.92 4.06
63 3.24 1.38
67 5.13 4.07
213 1.16 1.4
16 1.47 4.43
107 1.33 7.47
172 3.95 3.3
174 4.79 6.08
211 3.36 4.19
210 4.84 4.48
118 0.49 6.26
54 0.93 2.58
193 0.92 3.81
