101
71 8.98 0.36
60 4.17 1.58
35 3.5 4.78
78 8.71 1.52
2 8.51 1.01
30 4.14 2.94
82 1.79 3.98
88 7.79 0.18
14 1.14 4.82
21 5.06 4.17
9 0.38 1.04
98 1.1 5.63
92 6.48 2.09
7 2.94 1.06
48 2.24 3.24
91 8.56 1.75
18 3.38 2.57
80 0.98 4.44
43 9.61 5.66
52 0.15 4.46
81 6.97 0.04
34 1.02 0.15
44 1.9 5.25
1 3.45 6.12
4 8.82 5.07
64 1.38 5.95
89 0.37 0.11
53 5.26 5.61
40 3.89 5.38
17 1.55 4.72
33 4.36 5.79
62 3.28 6.41
70 6.6 0.07
96 3.0 2.34
85 0.43 5.12
75 3.94 4.87
50 4.02 2.79
54 3.56 6.35
101 8.12 1.48
59 0.86 5.9
25 8.14 3.05
29 1.12 6.45
38 1.03 1.37
24 3.34 1.51
51 7.21 1.74
16 3.63 3.08
57 4.64 4.98
68 9.31 1.9
86 8.64 4.76
95 1.01 4.13
66 3.92 2.89
87 8.78 0.6
100 0.25 4.0
28 2.62 5.59
41 3.52 4.63
13 9.35 4.79
32 7.37 3.79
37 5.17 3.7
90 5.59 3.93
58 6.4 1.14
12 4.41 2.95
3 7.4 5.56
63 1.99 1.5
94 4.89 4.53
67 3.72 1.39
15 7.42 5.2
99 6.49 2.26
47 2.05 4.36
93 5.32 4.59
36 2.34 5.55
74 4.59 6.24
46 6.76 3.72
76 6.21 4.01
31 3.06 6.36
65 0.19 5.22
10 2.5 4.96
72 7.56 2.1
97 6.3 4.4
55 6.45 2.52
39 2.67 4.77
26 5.34 5.57
84 4.51 5.65
11 2.71 0.44
73 4.28 4.61
6 9.01 2.48
61 7.2 1.11
22 1.82 4.81
19 5.35 2.46
27 1.54 1.89
69 1.58 0.31
5 4.99 4.56
8 6.79 2.38
83 1.06 4.29
20 5.43 4.95
77 2.81 5.71
45 5.08 6.02
79 0.31 2.67
49 5.71 4.42
42 2.3 2.37
56 0.06 6.4
23 3.49 0.92
