367
44 4.65 3.13
24 2.2 1.11
202 7.6 2.38
180 5.33 3.27
110 4.92 1.33
173 3.97 0.25
240 2.16 1.5
248 5.25 3.26
80 4.4 1.23
226 0.13 3.02
234 3.66 2.9
87 1.97 0.45
367 0.29 1.6
32 1.25 0.27
132 0.59 2.16
187 0.17 2.34
167 5.79 1.37
22 3.26 0.21
107 3.34 1.69
224 3.51 0.29
360 3.83 3.18
76 5.4 2.13
190 6.65 1.98
96 4.97 0.96
206 5.66 0.33
268 5.68 3.15
155 5.43 0.31
210 7.76 2.91
195 3.5 3.51
189 4.84 0.18
129 5.78 1.1
74 6.93 0.17
117 2.76 0.6
316 0.95 3.64
318 3.95 1.82
50 0.86 1.78
121 6.11 1.2
288 5.02 0.56
235 3.38 2.36
321 3.28 0.36
278 7.14 1.81
163 7.3 1.53
118 2.41 0.47
136 3.24 1.13
342 4.01 3.07
160 2.12 1.58
229 2.33 0.52
86 4.18 0.72
53 3.09 2.59
101 7.8 0.99
231 2.72 2.52
148 4.38 2.28
273 7.55 1.79
64 0.81 1.86
290 4.34 3.29
222 1.29 1.87
211 5.87 1.34
37 4.69 2.92
263 2.0 2.2
35 1.88 0.77
85 7.24 3.46
186 7.31 1.66
4 7.77 1.8
73 5.83 1.36
340 6.32 1.05
1 7.74 0.7
313 4.55 1.16
158 6.54 1.89
213 1.3 3.55
83 2.11 0.09
84 0.07 2.97
177 4.44 0.02
219 7.87 0.3
18 3.27 0.35
357 3.91 1.08
164 6.94 0.65
138 1.6 0.57
277 2.43 1.76
345 1.62 3.48
361 2.88 3.49
131 0.23 2.75
2 1.15 3.11
106 5.81 0.41
302 3.52 2.51
354 4.32 2.46
282 3.84 2.22
97 0.38 0.14
363 1.96 1.95
45 7.49 3.38
95 6.9 3.12
192 3.4 2.82
301 2.6 0.38
47 5.92 1.0
365 6.2 3.56
183 0.73 1.93
199 5.51 1.17
92 7.08 0.81
331 3.01 1.04
124 2.36 1.77
104 6.1 0.68
29 5.84 3.19
265 5.5 2.63
232 6.31 2.76
172 7.71 2.08
137 3.18 2.65
62 6.15 0.16
341 0.57 1.72
184 7.35 1.09
347 2.79 0.23
150 0.65 0.87
67 5.34 0.94
125 1.41 0.06
153 3.2 2.99
152 1.39 1.71
19 4.31 2.49
59 6.91 3.44
261 4.79 1.35
30 1.69 3.37
27 5.95 2.18
16 0.19 3.33
227 2.82 0.04
237 5.35 0.64
348 1.13 1.18
312 2.38 2.66
154 7.39 3.03
343 2.54 0.13
188 1.11 2.12
25 4.83 2.07
257 2.86 0.63
170 5.75 3.66
270 0.37 1.44
250 5.73 0.26
259 1.09 1.56
253 4.17 2.14
77 2.49 0.22
41 3.74 0.19
178 7.58 2.02
330 7.43 3.45
324 2.15 2.98
274 5.27 1.12
28 2.61 0.93
243 7.17 3.53
228 6.46 2.95
244 7.89 0.51
262 2.32 2.64
33 3.8 0.43
11 5.77 0.1
166 5.23 2.43
335 2.3 2.77
119 0.05 0.24
156 3.37 0.12
286 7.98 3.1
7 4.46 3.3
90 2.74 1.42
223 5.55 2.48
26 7.83 2.56
326 4.25 0.46
281 6.72 1.31
70 2.68 1.99
296 3.59 1.63
295 4.61 1.43
88 0.44 0.37
102 0.7 2.93
212 5.6 0.9
179 1.45 0.54
283 1.01 2.78
249 7.78 3.43
174 4.6 2.57
267 8.06 0.15
111 0.01 1.47
225 2.5 0.39
298 7.25 1.46
48 7.56 2.67
115 1.99 1.94
108 2.56 0.05
208 7.44 2.55
112 2.8 2.41
191 4.35 1.41
220 3.22 3.57
209 3.25 1.38
218 1.51 1.28
255 2.4 1.02
123 3.62 2.47
338 3.75 1.48
54 1.37 2.45
292 5.91 1.03
198 3.11 2.25
12 7.75 1.68
162 0.42 2.88
300 4.33 2.68
9 7.22 2.24
93 2.99 2.61
46 1.26 0.58
142 5.38 0.53
68 2.78 2.79
214 0.02 0.61
201 5.89 2.31
144 5.13 0.08
109 2.46 0.69
269 6.69 1.4
284 0.08 2.53
169 6.95 2.03
71 6.47 3.59
305 2.06 3.0
181 2.18 1.73
294 7.19 2.8
113 2.27 0.83
98 0.71 0.84
242 0.91 3.4
72 4.16 0.8
161 4.06 1.07
289 2.65 2.84
130 7.41 0.86
266 5.71 1.01
36 2.44 3.22
197 1.83 2.72
122 4.88 1.97
39 1.59 2.7
337 1.18 0.11
20 6.74 3.5
100 5.61 0.91
99 8.0 1.52
43 6.45 3.04
8 7.69 1.74
349 1.24 2.54
78 0.48 1.19
336 0.89 1.65
275 7.4 1.61
42 4.66 1.91
276 3.29 2.33
366 3.99 2.69
328 6.75 3.67
246 1.71 1.67
105 7.18 3.32
3 5.63 3.05
200 0.2 0.59
315 7.48 0.74
49 3.63 2.27
323 5.74 3.6
364 7.02 1.22
168 0.79 0.55
157 6.43 2.42
344 3.71 2.0
6 6.56 1.39
17 0.92 0.34
238 1.8 3.61
13 8.02 0.95
175 4.27 0.75
147 2.71 2.26
134 4.19 1.27
81 6.92 2.39
116 1.72 3.47
258 7.68 0.01
291 4.49 2.11
14 6.09 2.44
236 5.8 1.06
149 6.05 3.24
75 5.93 0.98
287 7.63 2.71
65 1.02 3.21
362 5.37 0.73
58 6.41 2.1
203 0.31 1.83
304 6.01 2.5
194 4.07 1.25
52 3.81 3.16
311 4.77 2.83
280 2.52 1.84
40 1.75 1.9
272 2.73 0.44
346 4.05 2.89
359 5.62 1.49
38 2.97 2.23
352 1.9 0.76
120 1.79 3.31
34 0.45 3.25
207 4.03 2.35
91 5.32 1.57
182 6.18 3.08
230 7.79 0.42
245 6.73 1.26
297 2.7 2.96
140 6.55 3.62
329 5.56 1.62
299 2.53 2.04
128 1.91 2.74
23 7.1 2.94
94 6.53 0.78
139 0.88 2.21
241 0.96 1.92
205 0.72 3.54
146 1.68 2.58
159 0.63 1.85
252 5.16 1.75
165 2.02 2.3
264 3.7 2.37
185 2.87 1.55
319 7.86 2.4
57 6.03 3.58
133 4.56 3.23
256 1.06 1.59
145 7.36 1.24
31 5.03 3.52
309 0.94 3.14
251 6.16 1.15
307 7.91 2.32
356 0.83 1.3
303 5.21 2.09
127 1.27 1.7
69 6.64 3.63
55 4.99 0.48
239 2.21 0.66
221 4.22 2.05
293 0.39 3.39
334 6.44 3.36
314 6.49 2.6
63 6.66 1.45
196 7.96 1.96
317 5.18 2.87
322 0.27 0.62
79 1.66 2.06
176 1.0 0.85
60 1.1 0.82
233 1.55 0.28
56 8.04 1.29
21 7.03 2.81
204 3.67 2.29
279 1.78 1.14
103 0.9 3.2
15 1.56 3.06
308 3.07 1.51
339 6.67 1.64
325 4.41 3.28
247 2.35 2.62
216 4.5 2.15
66 3.68 0.32
260 7.5 1.88
5 4.26 0.79
143 5.57 0.92
193 7.9 2.01
327 5.45 0.07
351 3.54 3.42
310 6.26 3.09
82 2.96 0.67
355 6.77 0.5
332 7.09 3.34
114 1.03 0.97
215 2.03 1.32
61 5.44 0.4
141 7.42 0.89
10 5.82 2.19
353 5.72 0.2
89 3.31 0.88
254 4.45 3.17
151 0.36 2.86
306 1.42 3.35
358 4.39 1.21
333 0.6 2.85
350 3.46 0.49
126 2.09 1.54
217 5.41 2.17
271 0.49 3.65
135 3.0 3.41
51 2.34 0.71
285 4.3 3.01
320 3.45 2.73
171 5.52 0.03
