171
30 5.6 0.43
34 3.89 2.27
170 8.71 0.22
141 8.93 5.38
144 7.46 2.35
120 7.83 5.07
78 8.68 0.58
85 1.66 5.16
136 6.78 1.44
160 0.07 2.19
36 2.99 2.81
95 2.69 2.28
68 1.8 2.4
79 4.55 1.04
37 9.05 3.38
80 5.69 5.76
127 3.54 4.22
156 3.14 4.02
74 0.77 4.84
131 4.85 5.3
119 2.42 2.73
93 8.7 0.44
25 4.88 0.19
107 8.55 2.24
121 4.27 3.75
24 3.56 0.23
17 8.6 1.41
145 6.94 4.64
19 5.25 3.53
11 1.98 1.76
151 1.44 5.03
116 2.92 3.87
130 5.08 0.61
137 7.5 2.33
35 5.18 0.6
22 3.33 2.84
38 4.79 0.64
159 3.15 5.82
163 5.33 1.48
105 8.73 3.42
92 7.52 0.82
53 8.75 5.17
9 8.31 3.91
32 5.5 3.62
96 4.74 2.5
47 4.24 3.8
39 4.57 4.51
16 0.33 0.21
82 3.22 3.21
7 6.7 3.43
161 0.65 3.11
83 3.69 0.03
139 4.01 2.89
33 1.26 0.11
60 2.55 6.01
43 2.81 3.92
1 5.39 4.41
41 6.21 4.33
76 6.02 0.4
109 4.36 1.93
122 6.19 1.61
20 2.64 4.32
72 5.1 1.72
108 1.29 1.43
48 6.18 5.91
168 1.49 4.48
40 4.59 5.49
13 1.51 3.14
88 0.92 0.75
70 5.66 2.61
4 8.48 2.05
58 1.75 1.46
165 2.02 2.44
102 4.52 2.11
64 7.45 2.12
15 0.54 1.16
112 3.59 4.28
54 7.17 2.03
146 8.9 1.17
128 5.97 1.57
50 5.62 1.39
28 2.29 0.83
111 6.86 5.29
167 2.73 3.55
134 6.75 0.54
152 7.64 2.17
87 5.49 0.89
55 7.78 5.51
45 1.47 4.1
123 8.42 0.49
155 7.06 4.5
69 4.44 1.18
62 5.57 5.92
67 3.27 0.17
129 6.09 4.71
75 0.84 4.34
10 0.59 4.01
101 8.06 0.15
162 2.77 0.14
63 4.49 0.9
171 7.71 4.38
169 4.03 0.69
147 1.41 3.46
133 4.95 5.55
46 8.76 1.24
98 7.4 4.25
2 7.63 3.17
51 3.72 1.58
166 7.43 4.45
86 2.98 3.67
148 8.1 2.47
94 4.12 5.59
27 4.58 2.88
126 8.32 1.12
81 3.02 3.07
56 6.11 2.41
29 3.94 2.75
65 7.2 1.15
132 1.24 4.12
5 2.95 0.98
14 7.21 2.92
115 6.05 4.73
158 3.98 2.39
100 1.88 1.95
52 6.92 5.95
150 5.29 6.04
49 0.34 1.4
125 3.52 4.4
142 4.75 4.09
157 8.08 1.94
114 1.45 3.78
140 3.38 1.32
31 1.99 5.02
138 1.79 5.77
135 7.29 4.26
149 1.9 6.07
6 1.86 0.07
113 4.71 0.2
59 8.05 0.57
153 5.78 4.62
44 0.35 3.39
110 8.19 0.73
8 2.46 1.75
3 1.67 4.8
71 4.86 3.63
66 4.11 5.79
57 5.07 5.94
99 1.95 1.77
12 3.23 5.24
89 6.13 2.14
18 2.72 2.77
103 7.53 2.08
77 3.44 5.54
23 6.23 0.02
124 2.88 5.32
164 0.51 5.65
61 6.12 2.34
118 0.7 4.06
104 2.4 5.11
73 2.58 0.87
90 5.23 5.53
117 0.79 2.1
97 0.85 5.93
26 3.85 0.55
21 3.26 2.49
91 3.1 3.65
154 6.95 3.33
84 7.33 2.63
106 7.0 5.98
42 3.64 4.15
143 2.21 3.45
