472
334 5.56 2.45
198 8.14 5.71
431 3.81 1.27
427 4.53 3.04
275 3.35 3.35
23 8.23 2.48
108 7.66 1.97
418 5.11 0.05
411 9.35 2.5
225 0.86 6.19
159 0.46 6.13
344 4.71 4.59
277 4.85 5.86
353 3.56 4.97
24 7.07 4.2
58 3.98 4.31
420 0.3 5.0
328 5.52 0.48
363 7.99 9.05
248 7.61 2.58
3 8.51 6.74
329 5.15 8.78
129 1.55 6.65
171 2.96 1.29
324 3.42 6.75
110 3.63 8.03
400 7.8 8.79
104 5.03 8.0
45 8.29 1.64
433 1.68 0.66
230 1.97 8.06
60 3.8 0.34
167 5.48 3.38
17 8.11 3.18
247 0.26 6.64
55 2.51 6.01
31 5.59 7.57
419 5.46 4.89
471 0.63 4.69
306 7.26 7.38
442 3.9 9.12
378 0.99 8.75
101 9.51 7.24
437 3.17 4.93
72 4.25 7.08
257 3.22 2.3
204 4.81 1.17
181 2.9 3.23
454 6.81 2.47
321 6.54 2.12
53 1.26 5.46
457 9.33 6.15
35 6.02 3.31
200 6.53 5.66
231 8.28 2.67
447 5.68 1.04
189 2.09 4.02
49 7.02 6.63
345 0.9 7.9
208 5.64 4.4
117 7.75 7.39
297 9.37 4.25
364 6.85 0.59
313 7.68 6.06
252 1.17 3.53
241 4.02 4.18
428 4.38 0.69
245 7.33 7.55
366 3.07 8.51
359 3.83 0.36
103 6.27 5.21
157 5.22 9.21
9 1.5 0.71
383 6.51 5.37
90 4.78 0.72
126 5.47 2.98
332 0.84 0.49
144 2.53 2.26
261 0.87 1.92
175 6.14 3.75
65 7.06 4.42
127 5.32 6.48
123 0.91 4.63
266 8.89 1.22
341 2.75 2.02
294 9.01 3.85
86 5.89 9.02
259 9.43 4.49
238 6.55 5.67
10 9.09 6.3
154 8.32 1.49
367 2.39 0.8
166 0.15 3.1
227 5.02 0.13
112 4.57 1.55
387 4.86 5.65
120 7.97 8.84
211 8.9 8.62
141 7.6 1.67
18 5.0 7.12
185 3.97 8.97
81 2.65 1.63
44 4.07 1.35
68 4.82 7.75
180 2.37 0.12
414 0.85 5.81
374 5.91 3.52
2 1.78 6.84
444 8.64 0.56
160 6.16 7.6
236 6.18 3.86
337 1.54 2.22
172 2.24 0.44
143 6.09 3.4
303 0.55 3.61
182 8.42 6.11
224 1.56 2.78
333 8.05 8.58
256 2.97 5.69
375 0.58 7.32
52 2.3 6.12
191 5.31 4.33
215 5.72 8.04
278 6.44 8.59
350 0.95 5.91
75 6.84 7.05
82 0.7 6.57
302 0.68 6.45
137 3.48 1.25
67 4.67 5.24
349 5.17 4.1
472 4.51 4.62
203 5.29 6.14
66 8.1 2.89
164 8.91 8.92
206 4.91 1.19
403 9.0 1.7
130 6.24 1.52
97 7.82 1.81
260 6.01 4.56
379 6.56 2.81
312 1.12 5.53
12 9.15 4.66
340 6.71 1.76
13 2.01 7.03
176 5.63 3.3
430 3.64 0.06
384 6.59 4.85
276 0.83 3.55
107 0.73 2.8
77 0.23 0.87
280 4.95 1.1
315 6.97 6.29
443 6.12 7.83
446 1.67 4.45
41 6.26 8.54
168 5.5 4.47
298 8.82 1.2
93 2.31 0.99
150 2.87 8.07
209 6.66 0.2
14 4.92 7.7
194 8.54 6.49
57 5.21 5.05
449 7.1 5.06
307 1.52 9.01
351 8.8 3.28
432 2.43 3.02
274 8.88 2.08
151 6.08 9.19
174 0.81 1.95
63 7.96 1.21
346 9.06 6.38
118 9.58 0.98
48 5.19 1.12
78 2.98 8.45
292 4.26 0.9
109 8.7 9.15
271 7.76 1.77
305 6.29 9.0
381 3.3 2.38
369 5.41 5.64
360 7.01 0.52
196 0.45 5.74
263 8.76 1.71
338 6.25 4.15
163 9.32 1.38
264 6.1 8.08
214 6.61 5.55
406 7.42 5.26
265 1.35 8.21
377 4.8 6.32
372 6.78 0.31
258 1.74 3.34
451 8.6 4.39
56 7.49 2.97
417 9.27 8.64
240 8.97 5.88
62 5.33 8.98
386 7.77 1.26
290 7.67 0.26
11 1.82 1.91
405 7.21 6.05
356 8.87 6.24
128 1.42 0.84
1 1.24 5.58
21 5.34 6.4
202 1.62 2.07
352 5.92 3.37
147 7.28 5.19
362 5.81 5.12
16 5.88 0.93
262 5.97 6.35
361 7.09 9.18
156 5.98 9.2
385 2.63 6.54
138 6.89 4.12
284 2.52 6.62
300 3.45 0.79
36 5.82 5.62
173 1.88 5.18
222 6.37 8.28
304 8.68 6.92
469 6.22 5.52
410 9.1 1.48
459 6.75 4.26
396 0.09 8.3
229 4.44 3.81
465 2.76 0.67
398 2.22 6.61
83 8.73 9.16
212 4.46 7.5
87 0.56 5.38
220 2.0 7.66
299 3.79 1.02
282 3.43 8.38
448 8.02 2.11
4 1.63 7.95
370 0.44 8.01
74 2.1 6.79
38 6.11 7.36
470 4.93 8.5
119 0.41 9.08
267 3.2 7.09
365 4.54 2.0
371 3.96 5.99
456 4.4 9.1
331 3.78 7.0
322 8.62 1.69
288 5.57 7.43
80 8.58 0.46
317 3.69 5.7
354 1.57 6.26
251 6.38 7.72
399 5.25 7.86
37 5.04 6.98
291 9.59 6.95
228 0.47 1.9
89 0.53 3.15
296 2.46 7.41
115 3.31 9.23
179 6.76 3.66
467 7.0 4.07
146 8.56 6.42
425 7.69 7.64
39 8.81 3.78
188 3.24 4.11
105 7.63 5.4
170 4.24 7.79
20 1.14 1.68
253 0.66 7.91
453 5.8 5.22
436 9.04 7.27
422 2.7 1.75
325 5.7 0.77
142 1.28 0.51
218 0.28 0.65
466 6.73 3.32
113 4.9 4.0
216 2.29 2.73
139 8.78 3.21
34 8.22 6.78
358 3.08 5.16
388 3.53 8.87
124 8.43 2.2
192 0.31 1.83
314 8.31 1.72
343 1.61 1.14
311 0.71 9.06
165 6.65 5.95
25 1.36 6.34
183 1.85 3.2
407 0.21 0.33
169 0.72 0.09
7 8.45 8.82
397 3.71 4.6
85 7.16 4.46
421 7.4 3.9
413 9.54 4.06
233 4.64 8.36
355 3.76 2.39
30 5.38 8.1
347 0.88 2.91
99 1.41 5.09
51 1.02 7.61
285 1.53 9.28
250 7.23 4.75
122 5.45 6.27
28 5.51 1.58
76 6.39 6.02
452 2.16 8.15
309 3.82 2.59
27 2.38 4.54
134 8.06 1.44
98 8.67 1.36
392 3.14 2.72
242 2.4 6.1
254 9.41 7.76
145 3.06 3.24
125 9.29 7.11
440 8.01 7.44
445 5.84 8.73
293 6.48 4.73
96 0.24 0.23
69 3.66 6.23
426 0.64 7.56
458 7.5 2.86
116 7.32 4.64
111 0.82 5.8
339 7.59 3.44
468 9.16 4.13
462 8.55 1.65
178 4.97 5.2
408 8.57 8.93
319 6.19 2.28
140 7.2 0.86
8 1.22 7.87
330 2.47 3.07
135 5.99 6.55
219 3.12 8.55
201 0.18 0.32
158 0.51 3.94
464 2.41 2.88
114 1.83 2.68
22 1.48 8.27
136 0.78 5.39
393 2.6 7.16
348 5.75 8.41
5 4.04 0.01
269 8.09 5.54
15 6.07 5.48
318 4.27 5.72
461 3.58 4.96
389 4.3 4.78
54 0.16 4.77
460 3.84 7.59
287 0.79 7.68
131 3.18 3.47
244 1.49 6.17
50 6.45 2.06
239 2.13 0.16
272 1.45 3.64
61 8.92 2.52
368 3.39 5.15
73 3.75 1.94
376 0.29 8.34
32 4.37 1.31
42 3.86 2.93
193 6.83 6.59
416 6.15 8.81
162 6.17 6.68
102 8.94 8.53
429 3.28 3.12
47 7.14 2.03
357 4.43 5.3
391 9.08 1.51
301 1.64 0.47
92 1.93 4.23
441 9.24 8.02
310 0.36 3.03
95 0.42 1.47
295 3.5 3.68
281 0.52 9.04
33 7.7 3.76
88 0.77 7.25
234 9.49 2.6
197 7.13 6.2
232 3.59 6.67
327 1.75 4.65
79 1.8 7.1
402 9.12 0.39
404 4.62 6.72
434 3.85 3.6
336 1.25 4.41
94 5.74 4.09
177 6.58 7.48
435 2.73 8.13
394 2.86 1.08
186 6.42 3.36
323 8.13 0.63
382 7.45 2.18
268 2.17 5.79
121 1.21 0.4
342 5.43 8.4
217 2.25 5.1
100 1.39 7.67
184 4.69 2.13
308 4.99 1.98
401 2.02 5.61
412 0.49 2.09
243 1.33 5.08
335 0.89 8.49
161 1.19 6.03
190 6.92 8.91
270 6.8 5.25
221 4.19 4.72
316 1.9 2.54
424 8.19 2.17
390 6.52 3.45
187 2.78 5.92
326 2.85 7.02
152 5.93 6.6
320 5.36 3.05
249 3.32 9.31
439 3.6 5.43
40 4.98 3.83
286 1.13 3.51
463 7.24 0.43
273 3.05 6.81
380 5.76 8.95
106 7.52 3.99
199 8.27 1.01
70 5.26 7.22
235 7.44 1.37
19 4.56 8.46
91 9.38 9.24
210 5.86 8.35
237 2.56 7.37
213 1.51 5.34
84 3.61 7.96
246 1.59 2.63
409 4.12 5.89
64 7.19 2.27
6 0.07 4.17
155 4.55 8.37
148 8.15 7.63
26 6.88 6.66
46 3.99 5.57
226 4.59 1.54
71 2.99 8.18
132 1.92 8.11
415 3.04 6.44
133 3.01 1.07
29 2.91 8.47
279 3.67 8.8
438 5.53 5.76
373 3.4 2.35
149 8.5 6.97
455 1.65 6.91
223 0.1 8.48
153 8.83 8.14
207 2.92 7.4
195 4.89 6.94
289 5.87 6.31
450 3.68 3.16
423 1.87 8.05
283 7.04 4.51
205 7.72 9.13
395 3.89 2.96
59 6.72 0.62
255 5.54 1.74
43 0.01 4.24
