329
41 5.92 3.01
221 5.64 4.19
302 4.9 1.81
59 1.15 1.92
140 3.93 1.76
280 4.71 2.49
161 2.37 2.8
117 4.3 1.59
268 3.54 2.95
89 5.04 2.89
48 4.81 2.86
28 2.85 2.27
181 2.6 0.34
325 0.65 2.22
188 2.11 3.24
238 5.59 3.69
297 0.48 3.18
146 0.86 0.63
127 2.55 0.47
91 0.55 0.59
136 4.66 2.17
194 5.79 3.48
277 2.76 0.75
216 1.69 2.96
324 3.4 3.19
306 4.18 3.3
110 3.99 3.27
225 5.45 2.36
240 5.46 2.39
205 6.04 1.89
10 3.17 2.88
264 3.3 0.01
143 1.26 3.63
32 2.39 3.08
132 5.09 1.93
15 1.78 2.71
47 1.8 0.93
251 3.41 0.14
101 5.83 0.94
232 3.76 0.89
107 6.16 4.1
252 1.67 2.31
179 3.35 2.66
227 2.48 3.6
273 3.58 3.42
262 5.32 2.26
228 1.6 2.78
182 4.17 2.91
169 5.24 3.14
133 0.07 0.76
134 5.88 3.36
70 2.95 3.37
309 5.29 3.46
24 1.77 2.21
52 0.74 2.46
173 1.09 0.62
290 0.24 2.75
258 3.84 3.29
72 3.7 3.43
291 0.76 2.82
211 4.79 3.44
289 4.96 0.08
42 0.58 0.2
106 4.23 2.47
124 4.33 0.4
121 5.89 0.77
303 5.13 3.04
234 4.94 3.52
13 3.91 0.48
292 1.1 0.27
159 5.17 3.86
235 1.91 1.91
226 3.9 2.54
131 6.05 3.09
317 0.3 1.6
2 5.81 4.12
141 3.1 3.45
310 3.25 3.06
56 1.84 0.03
248 0.01 2.41
313 1.59 0.68
108 1.96 3.98
152 3.03 1.07
180 0.68 3.95
327 5.57 0.82
320 1.11 1.04
155 3.59 3.84
214 3.62 0.6
224 3.78 2.84
62 2.45 1.49
172 2.89 0.49
269 1.25 1.14
147 2.32 1.83
30 4.61 0.1
64 0.26 1.61
67 1.19 0.74
50 2.86 2.09
236 5.37 3.28
263 4.85 1.36
316 1.48 2.43
272 1.49 1.11
79 5.25 2.6
11 5.22 1.67
80 1.39 4.16
178 0.41 2.01
148 5.36 1.75
3 4.36 2.15
267 4.74 1.94
103 4.49 2.2
199 5.69 2.76
5 3.64 3.34
259 0.92 3.23
1 3.05 2.74
35 3.83 1.08
201 2.42 3.67
229 6.0 1.82
51 4.08 2.59
311 5.31 0.83
237 1.65 2.7
100 3.49 3.88
204 5.06 3.89
99 6.14 2.04
81 6.03 0.52
53 1.57 2.0
93 0.95 2.14
260 4.25 1.95
244 3.09 2.87
207 1.74 0.22
198 3.22 3.9
298 5.94 2.53
31 4.11 1.09
307 4.68 1.01
328 1.2 3.81
74 3.23 1.19
157 2.82 1.42
284 4.43 2.83
12 0.46 2.97
305 1.23 1.69
165 3.56 2.69
55 5.23 2.48
126 0.33 0.16
323 2.74 2.37
293 5.54 0.7
86 3.67 1.16
19 4.67 1.68
230 2.91 2.11
87 1.27 1.03
37 0.29 1.85
4 5.2 2.16
115 1.14 0.66
17 2.19 1.8
120 5.34 0.65
278 2.63 2.4
109 2.49 4.04
113 1.88 2.07
44 0.19 3.93
176 2.2 3.15
312 0.28 2.19
96 1.36 3.59
285 6.11 3.65
46 1.85 1.66
68 1.61 0.21
213 1.08 0.35
23 2.61 1.18
286 5.6 1.84
119 3.12 0.19
219 2.06 1.41
97 3.38 2.08
20 2.26 1.79
39 5.38 2.1
215 0.84 0.13
73 2.92 1.12
49 2.69 0.67
153 1.82 2.3
22 1.46 0.18
210 5.78 3.25
114 4.78 2.93
69 1.54 3.13
142 4.04 1.23
129 1.47 3.38
27 5.71 0.28
189 3.74 1.63
231 2.88 0.26
78 3.79 3.0
255 2.57 3.62
233 6.13 3.1
33 2.97 1.48
162 4.16 1.25
128 1.51 0.88
196 4.1 1.17
184 2.07 0.55
85 0.08 3.72
177 0.77 3.85
281 4.82 0.56
245 1.43 2.68
82 1.05 3.99
150 1.32 3.53
287 6.06 0.36
16 0.12 2.06
208 2.79 4.07
14 5.91 0.11
288 2.31 1.1
94 0.73 2.35
239 5.67 0.5
112 4.4 3.17
241 3.16 2.52
167 3.26 0.41
274 0.32 2.99
170 1.16 3.21
158 2.66 2.67
203 4.09 0.02
308 3.55 3.78
202 4.99 3.33
61 1.94 2.61
315 2.25 1.02
183 4.55 2.9
200 1.4 3.31
90 0.56 1.28
123 2.75 4.09
326 0.09 0.57
77 1.81 1.35
296 2.36 0.07
137 3.21 2.94
175 2.0 3.7
9 3.37 3.22
160 0.6 0.44
98 2.08 0.97
144 5.16 0.3
212 1.35 0.37
7 0.87 1.87
168 5.55 1.71
321 2.33 1.97
271 0.53 3.47
151 3.04 3.26
301 5.49 4.11
329 0.69 0.06
34 5.9 0.71
66 5.18 3.03
6 5.3 2.57
65 5.73 0.98
58 2.24 3.32
154 0.34 2.64
125 4.6 3.77
130 4.29 1.33
220 2.09 1.24
253 2.94 1.21
197 0.37 1.0
299 0.17 2.05
36 2.28 3.41
83 2.05 2.18
322 1.28 3.51
45 3.06 1.7
192 4.07 0.38
279 5.08 3.71
265 2.99 3.56
102 5.77 0.53
218 4.14 1.31
118 5.58 3.39
190 6.08 0.96
256 3.18 0.45
195 0.91 3.96
122 1.38 3.83
8 5.53 1.37
318 1.92 0.64
25 0.99 1.45
63 1.79 3.05
29 6.18 3.58
223 3.73 0.86
246 4.38 1.15
222 5.86 3.5
174 0.38 0.85
250 4.5 0.25
217 4.84 1.73
105 5.14 2.12
247 5.96 0.8
257 6.09 1.46
145 3.98 4.02
209 2.51 1.62
40 0.66 2.45
261 5.82 2.44
54 4.03 3.66
185 3.34 4.08
186 4.53 2.32
254 5.84 1.96
116 4.47 1.27
156 0.04 1.47
26 1.64 1.74
149 1.97 3.55
164 2.23 4.17
191 4.26 0.51
43 3.28 2.51
242 2.29 1.44
171 1.55 1.3
243 4.13 0.12
249 1.17 3.61
60 4.58 1.34
163 0.44 2.25
166 3.01 0.9
270 4.88 3.54
295 0.27 0.79
193 0.81 2.29
18 2.67 0.23
21 5.72 0.46
282 5.33 2.33
104 4.27 2.73
95 0.93 3.73
300 0.52 2.34
283 1.63 3.12
57 0.97 1.43
75 1.52 2.92
294 5.95 2.85
276 3.13 0.33
38 3.92 0.39
71 0.21 2.62
76 3.57 2.63
135 1.75 3.8
314 3.36 0.72
138 1.56 1.54
266 2.35 3.68
88 5.68 2.77
275 0.35 2.28
84 4.31 4.05
187 3.45 3.82
92 4.8 1.2
319 1.22 3.49
206 3.82 1.26
139 5.87 4.18
111 4.75 0.73
304 2.34 4.03
