107
58 2.19 5.09
47 3.31 4.65
31 0.12 0.63
9 2.21 1.26
24 0.58 1.78
41 1.8 1.19
4 0.14 3.56
102 0.31 2.34
43 1.3 3.07
54 2.01 5.21
32 1.97 4.11
61 1.35 1.77
69 0.84 2.25
76 0.96 3.83
17 2.76 2.74
103 2.17 5.92
25 0.03 0.72
38 1.98 3.57
104 2.0 0.45
8 1.6 1.45
42 2.68 5.49
51 1.19 4.54
80 2.98 5.07
50 1.83 3.72
68 2.65 3.41
3 0.32 3.82
52 2.97 0.05
34 0.45 3.03
2 2.7 6.07
49 0.26 5.59
18 0.86 6.63
65 2.71 2.87
101 1.96 5.04
87 3.43 3.61
85 3.24 0.43
106 1.62 2.59
77 3.3 3.33
44 1.1 6.48
79 1.82 2.58
78 1.03 1.28
14 2.09 1.65
98 0.43 5.28
15 1.31 3.64
70 1.07 1.09
16 0.85 3.2
100 2.84 3.88
33 1.4 0.44
29 2.26 2.44
82 0.95 5.22
75 1.95 6.39
26 2.31 4.36
91 2.05 2.77
53 0.07 1.54
39 0.16 5.62
1 0.75 2.64
7 0.74 3.43
63 2.28 2.65
96 1.37 0.15
90 0.36 5.83
55 3.07 4.47
71 2.55 0.96
5 1.17 0.74
27 2.29 5.78
66 1.01 4.56
88 2.94 4.8
19 1.89 4.89
45 2.08 6.5
105 2.25 5.27
12 0.53 6.62
86 0.71 0.51
37 1.2 4.61
46 1.79 4.82
36 2.86 2.06
6 0.33 5.47
21 0.89 3.5
84 1.46 5.18
10 2.18 0.18
60 1.78 3.92
83 2.12 4.68
57 1.12 3.67
40 2.87 1.62
64 0.24 3.81
23 0.52 6.33
95 1.49 5.33
107 0.62 6.61
48 0.55 1.23
72 3.37 3.05
62 1.66 4.25
11 0.17 0.02
97 0.46 5.45
74 0.34 1.52
28 1.02 3.86
81 2.66 6.21
13 0.77 4.72
35 0.5 5.79
59 1.39 4.3
22 2.62 4.87
92 0.65 3.39
73 1.75 1.47
67 0.28 0.56
94 3.34 3.85
56 0.56 6.06
99 1.14 2.96
93 3.42 2.09
20 0.4 3.37
30 2.39 3.18
89 0.7 3.91
