207
82 1.96 6.94
165 1.3 7.4
172 0.5 4.64
105 0.92 7.91
162 0.57 1.3
27 0.15 0.67
174 1.21 8.01
71 0.34 8.79
144 2.06 4.52
184 1.5 1.93
114 1.05 6.28
74 0.75 5.09
131 1.17 6.99
92 1.59 8.71
139 1.95 5.69
45 1.92 6.65
141 1.66 6.11
173 0.06 9.27
41 0.96 6.27
73 2.05 4.25
136 1.4 5.24
205 0.74 2.9
34 1.2 5.28
151 0.83 2.76
69 0.59 0.92
55 0.05 5.18
32 1.38 8.58
130 0.76 2.8
171 1.35 8.0
154 1.71 8.83
170 0.62 9.22
22 1.61 4.62
182 1.7 4.17
152 1.0 7.16
137 1.46 2.06
148 0.51 6.74
24 0.35 4.27
68 0.16 0.87
47 1.88 1.75
180 0.95 4.11
20 0.63 2.23
177 1.93 4.43
15 0.86 5.08
46 0.65 6.01
166 1.36 7.23
65 1.34 1.11
189 0.4 0.29
202 0.21 3.7
87 1.67 1.84
9 1.83 5.06
193 0.98 8.86
16 1.64 6.34
100 1.86 4.76
64 0.61 9.26
161 0.22 0.45
37 1.04 3.19
121 1.22 8.76
155 1.49 4.87
132 1.72 9.51
66 0.69 8.31
29 0.78 6.83
75 1.31 3.62
169 0.32 2.45
40 1.63 6.69
6 0.28 8.04
57 1.41 1.43
67 1.48 2.73
200 2.01 5.46
135 0.87 1.12
157 0.6 0.49
42 0.07 9.39
51 0.44 1.52
118 0.08 0.26
204 1.57 6.84
126 1.16 4.47
116 1.55 8.32
120 0.7 0.96
122 0.49 3.69
52 0.33 4.28
176 0.81 1.58
138 0.53 2.41
181 1.98 6.9
18 1.37 3.24
14 0.37 9.41
103 1.79 3.89
61 0.99 9.23
44 1.97 4.35
194 1.03 4.5
23 0.52 8.73
147 2.0 7.0
2 0.38 0.24
56 1.09 0.31
203 0.41 6.21
111 1.68 6.06
21 0.09 2.25
10 0.31 1.74
134 1.82 8.87
94 1.33 1.32
30 1.25 5.15
8 0.9 4.58
49 0.23 2.92
108 1.45 4.81
62 0.19 6.97
5 1.08 5.75
7 1.76 7.85
106 1.91 3.96
145 1.24 2.19
43 1.26 0.06
198 1.29 2.15
150 0.18 4.8
102 0.43 0.38
119 0.94 9.34
117 0.17 6.56
158 0.71 5.25
28 1.84 9.25
179 0.12 9.0
79 1.32 0.08
36 1.75 6.38
156 1.58 6.71
77 1.94 5.74
192 0.2 4.13
95 1.6 9.44
187 1.27 7.64
53 1.99 5.45
167 1.07 4.83
35 1.54 4.31
4 0.39 2.71
90 1.8 4.93
115 2.04 0.25
38 1.78 6.02
185 0.67 9.6
63 1.9 6.07
146 0.84 5.36
186 1.53 1.35
142 0.46 4.57
50 0.3 3.32
39 0.72 0.83
160 0.26 3.52
188 1.89 2.77
25 1.62 0.81
11 1.73 8.26
124 2.07 6.49
97 1.65 2.26
107 0.85 8.21
81 1.13 2.58
195 0.01 4.91
104 0.68 1.53
190 0.66 2.87
191 1.02 8.17
129 0.02 0.58
85 1.11 4.84
60 0.77 4.03
91 0.82 5.51
59 1.51 1.16
133 1.43 0.35
112 1.14 0.89
123 1.74 6.51
88 0.55 2.37
183 0.73 5.76
93 0.03 0.02
149 1.18 6.04
206 0.13 7.36
96 0.58 0.9
13 1.44 3.9
109 0.14 4.33
76 2.03 0.11
89 0.54 0.5
113 0.36 7.63
143 1.42 7.39
12 1.39 8.94
153 1.81 7.37
163 1.47 4.89
164 0.8 3.01
110 0.79 4.15
26 0.45 6.05
207 0.25 1.26
86 0.97 3.35
178 1.1 0.46
196 1.85 3.04
83 1.69 7.41
3 0.89 3.97
197 0.88 5.39
101 1.06 5.7
199 1.15 6.14
31 0.42 4.45
72 0.47 4.34
33 0.64 2.85
54 1.01 2.17
78 1.87 3.02
128 1.12 1.73
84 1.28 1.25
159 0.29 5.77
1 0.91 8.49
48 0.56 9.56
175 0.48 0.17
168 1.19 5.21
58 1.77 0.82
201 0.24 4.67
17 0.93 6.4
99 2.02 6.66
98 0.1 6.45
70 0.11 2.88
80 0.04 4.68
127 1.23 8.47
19 0.27 9.14
125 1.56 5.12
140 1.52 9.32
