122
26 0.47 2.3
4 2.91 0.33
100 9.17 5.26
8 4.95 2.73
36 3.09 5.08
73 9.09 3.64
57 2.09 1.82
92 5.82 4.72
120 1.04 1.48
99 6.0 4.63
21 8.8 4.68
50 8.22 0.67
12 8.92 6.11
49 5.5 3.8
31 5.4 1.28
111 7.03 1.18
18 5.98 2.66
87 5.03 0.62
20 2.44 4.54
103 6.77 4.83
17 9.44 3.11
11 5.36 3.02
51 6.48 0.26
122 0.7 1.8
81 3.92 3.95
82 6.18 1.3
59 3.98 0.83
84 1.06 5.11
22 6.93 0.58
61 1.66 3.04
35 0.6 4.81
108 0.03 6.37
46 7.85 2.47
7 9.39 5.09
110 1.59 1.29
117 2.74 1.63
107 6.99 5.03
116 3.43 1.09
89 2.65 2.88
121 8.91 4.48
29 8.79 2.11
55 2.34 5.55
91 1.94 4.79
86 6.73 4.12
113 7.46 3.43
56 7.68 5.5
54 5.13 3.97
64 3.11 4.52
34 6.39 2.69
37 3.72 4.45
85 1.63 0.96
53 1.99 4.29
38 1.55 3.6
58 9.05 0.95
42 0.45 5.52
118 4.74 5.33
2 4.21 0.23
10 6.4 4.87
109 4.08 0.19
63 4.47 4.3
16 3.21 5.49
97 6.21 2.81
32 3.13 1.52
70 2.2 4.65
102 5.69 6.5
24 8.45 5.89
28 1.33 5.8
6 6.23 1.13
98 0.81 1.72
93 0.51 3.98
79 2.86 3.26
14 8.77 3.5
23 5.76 2.6
75 1.37 6.61
43 7.89 1.71
95 8.39 3.93
41 0.66 2.67
71 4.76 2.01
88 2.78 3.22
25 5.9 0.11
115 9.41 0.98
72 3.52 1.88
9 4.14 3.05
3 3.34 3.48
80 0.12 5.21
83 7.99 2.63
112 8.78 3.74
96 3.29 0.39
39 2.46 3.71
1 4.33 6.56
104 8.87 4.19
45 4.52 3.17
60 6.09 6.17
69 9.63 2.52
19 0.04 5.19
5 5.41 6.25
62 7.87 5.01
13 2.45 1.43
48 3.66 0.61
90 1.87 1.94
78 1.72 5.54
105 1.35 2.13
65 8.55 5.24
76 6.94 5.13
101 0.06 2.59
94 9.34 0.78
114 9.32 4.71
40 1.96 0.21
68 2.43 0.02
30 0.96 3.92
106 2.22 0.6
74 1.76 1.1
33 1.69 2.8
52 9.38 5.25
66 4.89 3.54
15 7.71 2.34
27 8.27 2.64
77 4.03 0.69
67 6.16 3.66
47 5.43 4.94
44 1.3 3.36
119 1.48 3.4
