233
103 6.13 2.99
153 0.44 2.3
14 2.04 2.8
19 1.99 0.82
161 2.26 2.51
174 1.0 1.57
218 0.91 0.6
99 5.57 2.12
37 0.43 1.16
64 3.5 1.12
191 3.09 2.09
214 6.21 2.49
33 4.9 1.72
102 5.05 2.26
63 3.35 1.25
129 0.52 3.03
104 1.01 3.01
212 3.65 0.99
189 1.9 1.54
201 2.97 2.15
48 1.86 0.3
200 0.41 0.49
8 0.02 0.48
80 2.69 2.38
162 0.42 1.85
221 1.53 0.91
52 2.85 0.89
56 0.92 1.35
43 1.11 0.38
144 5.29 1.78
173 1.09 1.07
204 4.38 2.42
194 2.62 2.22
155 3.63 2.44
143 2.18 3.0
122 4.08 1.21
54 3.03 2.4
209 5.37 0.59
190 1.13 0.15
94 4.02 1.39
171 5.87 1.75
224 3.1 1.04
4 0.55 0.66
18 5.39 0.68
228 6.11 1.19
17 5.85 2.52
222 5.77 2.76
141 1.12 2.17
39 4.34 1.7
40 0.82 2.39
50 0.99 1.24
36 1.67 1.66
3 0.7 1.86
42 5.59 1.37
213 0.78 0.01
53 1.62 2.86
183 0.45 2.94
165 1.51 1.46
179 5.68 1.01
83 0.9 1.89
91 4.48 0.41
114 2.93 1.64
226 2.05 0.7
211 2.64 0.09
108 4.27 1.6
178 5.79 0.24
113 2.31 2.23
9 4.18 2.75
136 1.41 2.27
70 5.22 1.3
75 2.47 1.53
215 2.35 2.03
20 1.64 2.96
69 3.7 2.54
105 3.25 0.1
231 0.61 1.96
138 4.53 1.03
97 1.72 0.61
58 5.69 0.45
12 0.95 1.73
57 3.44 0.83
26 3.55 2.97
158 5.88 2.62
46 0.15 2.24
151 5.65 0.34
24 0.29 0.71
145 5.36 2.46
100 4.39 1.38
126 5.95 2.31
170 2.81 0.94
159 1.75 1.29
15 1.95 0.9
188 1.37 0.96
229 4.55 0.54
187 4.68 0.67
88 4.51 0.06
207 5.15 0.93
196 1.4 2.87
21 2.61 1.43
86 4.67 2.06
169 5.02 2.19
74 4.84 1.76
117 2.51 0.43
28 1.56 0.52
131 1.54 0.31
2 4.88 0.63
106 4.75 2.0
51 3.16 2.74
79 5.17 1.36
27 3.11 1.13
225 3.73 1.09
139 0.09 0.75
175 0.96 0.57
124 0.71 1.91
112 0.33 1.05
227 2.73 1.84
152 2.91 0.62
32 4.31 0.4
62 3.04 2.79
154 1.93 2.9
156 1.18 2.7
223 5.64 0.04
71 4.59 2.64
208 2.84 1.65
217 0.12 0.73
82 0.62 2.88
87 3.59 0.36
73 0.2 2.5
180 0.3 0.12
142 2.78 1.61
206 2.92 0.74
109 3.71 1.9
10 2.5 0.5
160 3.69 1.0
135 3.17 1.11
120 1.61 2.21
148 2.55 0.64
7 5.16 0.85
25 2.54 1.77
232 6.2 0.69
65 5.2 2.2
220 5.53 2.68
177 1.58 1.41
13 4.01 0.87
132 4.03 1.81
77 1.65 1.51
49 5.32 2.45
166 2.74 1.48
60 1.23 1.95
116 1.27 0.19
119 2.22 0.22
134 2.39 2.04
16 3.21 1.93
115 4.92 0.51
31 5.48 1.44
167 2.56 0.95
193 3.66 0.84
163 1.8 2.93
35 5.19 0.33
22 2.87 2.71
5 2.71 1.08
205 4.62 1.34
44 0.31 1.59
68 2.21 0.27
125 0.83 2.43
133 3.48 1.98
203 2.17 2.83
230 0.88 2.37
41 0.35 1.92
89 0.08 0.37
118 3.01 2.56
23 5.06 2.35
195 5.07 1.99
184 0.69 1.28
181 1.43 1.67
107 3.99 2.1
219 4.93 1.62
61 4.99 2.41
6 0.04 2.07
192 4.4 1.1
110 1.33 0.76
185 1.46 0.77
30 5.86 1.79
202 1.15 3.04
34 3.47 1.82
47 4.65 0.08
149 0.5 2.29
210 4.41 0.79
93 2.82 0.21
95 0.56 2.57
81 3.38 2.14
233 3.98 0.28
198 3.46 2.53
168 0.66 1.8
146 3.36 2.33
78 3.94 2.91
11 3.08 0.78
67 4.11 2.36
1 4.46 1.23
101 2.98 2.48
128 4.86 0.02
157 0.54 2.32
45 4.64 2.11
137 0.63 1.18
55 0.59 2.72
197 2.15 1.52
150 3.79 0.55
121 1.68 0.26
92 4.69 0.97
164 2.23 0.16
96 4.15 0.23
111 4.3 1.71
98 3.76 1.06
199 4.82 0.46
216 2.42 3.06
85 0.94 2.89
66 4.91 0.98
76 3.43 2.47
123 1.49 1.97
186 6.29 0.65
176 0.36 0.35
182 0.8 1.02
127 5.93 2.01
147 1.76 2.78
130 1.55 2.84
72 5.24 0.29
84 6.04 0.11
90 2.06 0.72
29 0.25 2.73
172 1.96 0.05
38 3.14 1.42
140 0.49 2.18
59 3.86 2.16
