253
177 5.2 2.26
192 0.6 8.68
19 2.08 4.06
84 2.37 3.03
6 3.25 9.03
99 0.01 3.36
226 4.79 2.76
83 2.45 9.91
102 4.04 9.31
55 3.31 1.79
243 1.2 8.31
114 3.01 8.65
231 3.61 1.18
230 4.15 4.16
16 0.98 2.52
69 1.35 0.14
137 1.82 0.25
207 3.3 4.48
237 0.53 6.65
31 4.82 6.69
178 0.28 2.72
66 4.54 5.38
52 0.99 0.89
130 1.05 1.55
239 3.85 9.52
186 1.62 4.36
58 2.02 1.91
171 2.48 5.39
187 4.43 5.11
241 2.49 4.41
198 1.17 6.34
95 0.71 7.85
143 3.0 1.66
214 3.02 9.78
82 1.53 4.99
190 3.73 8.59
70 0.84 7.93
149 0.94 0.16
86 4.4 1.15
229 0.14 4.19
196 0.72 9.41
188 1.61 1.75
129 4.74 2.54
162 4.32 7.17
85 0.29 4.45
240 0.42 3.3
77 4.6 5.47
205 3.76 6.88
135 2.31 8.96
158 1.97 1.13
208 1.09 6.21
197 3.93 9.47
4 1.89 3.61
132 4.7 5.33
87 1.19 4.18
150 3.77 4.2
13 4.99 4.27
206 3.36 1.37
211 2.41 2.81
179 2.21 7.57
109 4.95 1.05
107 4.45 1.6
81 0.74 0.92
141 2.36 4.53
8 0.8 9.1
100 1.58 4.28
9 0.46 8.43
225 0.77 7.53
79 1.02 5.74
120 3.59 1.28
210 4.28 4.86
97 1.9 5.49
73 2.43 2.8
217 3.9 2.2
235 1.01 6.71
104 0.76 7.62
62 0.16 9.32
94 1.8 9.66
127 2.03 2.08
173 4.86 5.41
38 1.65 4.82
134 4.44 6.91
47 4.5 1.33
189 0.75 4.98
116 2.94 8.12
244 5.02 5.02
163 3.81 0.46
112 2.26 0.35
157 2.52 5.24
227 0.59 1.63
195 3.23 1.64
91 4.65 7.95
43 2.34 4.29
183 3.41 9.19
125 0.88 2.83
218 2.06 8.33
40 4.76 8.27
76 2.19 4.59
215 4.53 5.34
118 4.94 0.9
182 3.71 9.18
184 2.83 6.17
65 1.75 6.0
126 2.04 0.58
146 3.65 2.22
23 2.91 0.96
138 4.22 6.12
219 3.87 4.03
10 0.2 7.05
35 0.68 7.77
181 0.08 6.82
216 3.13 7.04
21 2.96 8.02
140 5.23 0.17
119 3.06 3.13
202 5.15 7.09
111 3.11 4.1
54 3.5 2.7
96 0.05 3.24
33 1.7 4.65
60 2.89 8.37
166 5.05 0.74
252 4.57 9.7
151 0.64 7.7
71 3.47 4.08
101 1.83 0.43
228 0.02 9.04
234 5.35 3.54
232 2.65 2.25
250 1.0 8.75
17 3.42 7.89
7 2.17 3.55
51 0.97 8.14
253 0.32 1.39
193 1.92 6.7
201 2.9 8.66
72 0.61 9.54
213 3.2 0.08
18 3.91 0.12
74 0.69 9.07
105 4.35 4.0
30 0.15 8.78
142 4.66 9.58
103 5.3 0.42
64 0.36 1.7
139 2.24 1.56
41 4.96 3.43
209 0.27 2.57
224 4.92 0.47
124 5.25 2.13
2 4.63 2.58
75 3.08 4.96
68 0.11 5.71
12 2.47 6.77
37 5.0 7.22
155 0.25 2.36
212 2.55 9.36
29 4.71 1.98
133 2.97 7.07
78 3.7 7.59
93 1.29 7.88
248 4.88 3.37
249 3.34 0.66
160 0.58 7.76
108 1.22 3.87
15 4.46 8.72
153 4.48 1.2
26 0.66 4.23
44 3.57 5.16
168 0.07 0.78
148 4.84 0.19
221 4.26 6.2
161 1.79 1.4
57 0.18 6.3
122 2.56 0.2
50 2.68 8.88
98 1.6 5.89
167 5.33 2.04
164 0.93 6.98
117 2.59 1.54
22 3.04 3.08
5 4.31 3.7
220 3.12 9.15
106 1.64 4.67
247 1.85 1.85
180 0.38 6.05
191 0.92 3.91
42 4.18 9.33
34 1.93 9.35
251 3.74 8.94
24 0.51 4.14
200 1.48 5.07
48 4.75 8.79
63 1.81 5.35
110 3.86 4.97
233 3.97 1.02
246 4.42 6.02
32 1.98 1.88
128 0.39 2.14
89 4.27 5.52
236 0.48 3.06
223 1.56 1.44
203 2.92 3.8
46 5.19 8.08
28 2.8 1.74
147 3.44 4.79
11 5.12 8.76
3 5.14 2.87
194 0.06 3.47
45 1.1 4.32
172 3.63 6.76
88 2.54 6.46
136 5.18 7.19
169 0.04 4.43
170 1.3 7.45
25 3.56 2.99
176 1.54 6.93
199 0.81 7.31
121 2.07 1.32
14 1.38 3.38
27 2.67 8.71
113 4.89 8.11
80 1.49 1.45
185 3.14 2.6
245 0.87 0.41
131 4.69 8.21
152 1.34 6.24
123 0.3 8.19
159 2.14 0.45
145 3.94 2.29
238 0.91 2.77
144 2.86 7.2
90 3.89 9.65
61 2.51 0.67
174 1.68 4.54
49 4.38 5.4
165 5.28 8.67
175 3.75 9.51
204 3.24 6.1
156 1.5 5.26
115 2.77 1.73
20 4.64 7.74
53 4.23 0.6
67 0.55 6.73
242 0.31 1.31
1 2.98 1.11
59 3.49 8.09
154 2.78 1.86
56 4.39 8.58
92 3.82 8.38
222 1.55 2.33
39 2.39 7.18
36 3.45 6.64
