185
53 1.57 1.61
19 4.45 0.17
116 3.1 0.84
118 5.19 0.63
174 2.39 0.04
24 5.31 0.59
71 4.47 1.44
34 3.58 1.54
82 3.15 1.06
97 2.74 0.24
91 3.46 0.71
154 1.58 0.65
21 2.49 0.99
47 0.51 0.81
123 0.68 0.39
164 3.75 0.6
180 4.74 0.34
66 1.83 0.83
117 0.8 1.79
44 4.98 1.71
73 3.48 1.63
132 2.14 0.47
140 1.35 1.16
168 3.93 0.06
167 5.2 0.2
185 2.37 1.37
49 3.63 1.02
16 2.31 0.3
60 3.04 0.44
108 4.92 1.31
166 3.18 0.43
149 1.89 1.03
106 3.59 1.83
138 3.53 0.49
62 1.53 1.56
20 4.15 1.57
63 1.49 1.15
175 2.77 0.62
17 1.18 1.05
11 4.88 0.01
141 3.57 1.01
105 4.52 0.1
183 3.0 1.29
57 3.42 1.76
88 3.23 0.14
90 4.43 1.26
68 4.71 0.87
92 1.81 0.09
136 4.1 1.67
178 2.73 1.82
83 5.27 0.98
55 4.28 0.9
160 5.12 0.32
52 1.04 1.23
109 1.59 1.69
126 3.28 1.38
102 3.2 1.36
107 2.36 0.05
74 5.37 1.5
41 4.08 0.55
103 1.33 1.78
157 0.25 1.41
8 4.86 0.02
148 0.58 1.25
101 1.61 0.26
51 3.73 1.14
131 2.94 1.85
173 4.76 1.68
153 2.33 1.8
45 2.75 0.29
87 1.84 1.18
89 0.11 0.66
120 0.48 0.15
31 3.9 0.12
111 3.41 1.52
43 1.41 0.94
151 0.39 0.07
137 0.71 1.32
172 3.74 1.81
121 1.67 0.57
169 1.48 1.35
18 3.08 0.85
145 3.14 1.77
78 3.09 1.74
144 1.38 1.46
22 5.23 1.17
15 2.02 1.1
32 2.69 0.77
58 3.8 1.04
127 2.7 0.41
65 1.9 1.42
7 5.17 0.92
42 0.6 1.0
156 2.18 1.13
79 1.94 0.95
177 3.79 1.6
139 1.25 0.08
104 0.85 0.19
61 1.64 1.19
72 3.97 1.43
40 1.2 0.7
67 2.9 0.56
69 2.48 1.21
128 4.89 0.45
170 2.0 1.48
133 0.13 1.51
46 0.03 1.2
85 0.28 0.52
75 4.31 0.46
77 0.38 0.61
93 5.08 0.68
70 0.93 1.73
176 1.92 0.03
130 0.79 1.7
184 2.38 0.93
2 3.78 0.54
181 1.66 0.21
161 2.58 0.38
28 4.4 0.91
155 4.39 0.11
86 2.42 0.86
23 4.67 1.62
182 2.72 0.37
37 4.2 0.89
112 0.73 1.09
3 4.53 1.34
9 5.28 0.79
12 4.07 1.47
100 1.78 0.97
135 0.98 0.48
25 3.3 0.27
30 1.87 0.5
122 2.55 0.22
5 3.64 0.69
142 3.87 1.58
26 4.02 0.58
59 3.66 0.96
147 3.05 0.36
1 0.91 1.08
115 2.13 0.25
27 4.11 0.23
171 0.05 0.76
6 1.65 1.27
114 2.56 0.53
94 2.08 0.73
14 5.01 0.31
95 2.85 0.13
39 3.55 0.28
163 3.49 1.33
38 1.14 1.07
152 1.85 0.42
134 2.96 1.39
125 0.21 0.16
13 1.06 1.4
56 0.97 1.64
159 3.34 1.24
129 3.33 0.64
84 0.65 0.8
158 1.39 1.72
4 4.79 1.49
29 4.42 0.88
98 4.75 0.18
81 2.44 0.33
99 0.32 1.22
162 2.1 1.28
165 4.64 0.4
146 2.47 0.67
143 1.7 0.78
150 1.63 1.59
33 5.4 1.66
35 5.38 1.12
124 4.82 1.84
48 3.98 0.75
119 3.54 1.3
110 0.18 1.11
80 2.23 0.72
179 0.99 1.65
10 1.75 1.55
36 0.2 0.35
54 0.34 1.75
113 3.38 1.45
76 1.46 0.74
96 5.02 0.51
64 0.5 1.53
50 3.52 0.82
