282
21 6.32 2.82
245 7.08 7.26
174 4.52 2.57
95 1.43 5.72
134 5.88 4.43
213 0.94 7.24
141 3.21 4.49
175 4.27 4.53
220 7.9 4.97
269 0.11 7.38
159 3.07 7.19
279 8.44 5.9
74 0.92 2.5
149 6.27 1.54
230 0.12 3.63
123 2.83 0.67
179 1.4 6.08
248 5.75 7.6
196 7.1 1.17
180 5.04 2.84
82 2.05 5.68
140 5.7 7.57
181 3.65 6.94
250 4.75 4.4
219 7.56 2.6
72 4.37 7.66
169 3.05 5.41
105 1.72 6.84
173 4.54 3.11
139 1.97 4.04
187 5.82 7.29
168 1.32 6.12
108 0.56 2.2
201 8.21 1.92
101 2.22 7.25
232 0.75 1.03
266 0.54 0.4
153 3.75 5.29
111 8.08 2.74
255 8.48 3.3
282 3.6 0.35
2 1.8 6.91
166 0.81 0.94
260 6.3 5.37
208 8.53 1.32
92 1.57 5.77
199 2.76 1.67
146 3.69 7.05
40 4.76 0.08
14 4.17 4.87
158 2.49 2.54
42 8.13 5.56
11 6.16 7.16
275 7.35 5.09
229 2.66 2.06
246 3.8 3.23
118 8.35 6.3
53 0.6 0.37
76 7.25 7.03
145 6.59 6.37
47 2.59 4.35
83 6.2 5.25
109 6.13 3.38
271 5.37 1.59
18 6.82 6.92
189 8.09 3.87
63 5.01 0.87
86 6.04 3.14
225 6.49 1.06
188 1.85 4.96
94 7.88 4.65
6 1.47 6.9
277 3.87 5.52
46 5.52 1.11
185 8.45 5.31
228 1.62 5.3
78 3.66 0.09
121 4.19 0.33
281 6.15 5.27
112 0.74 2.14
127 8.49 0.26
204 4.14 7.23
77 7.65 4.23
218 1.33 7.7
50 6.33 6.66
89 7.3 2.72
152 6.46 5.55
26 5.1 3.37
49 3.67 6.59
172 5.23 6.36
147 0.03 6.7
210 2.89 4.84
36 0.3 5.99
24 0.4 6.67
48 2.79 0.05
194 3.55 2.8
97 2.42 2.33
84 8.3 5.03
142 2.8 5.86
252 7.53 4.98
5 5.6 0.69
155 4.96 6.45
133 1.27 5.2
261 2.08 7.31
190 5.08 2.23
122 8.24 0.91
8 0.79 1.58
96 4.86 3.89
116 5.12 1.05
17 0.71 4.48
23 2.63 5.96
182 2.37 6.85
183 5.91 4.33
10 4.74 4.95
259 6.26 3.49
191 0.24 0.2
70 6.1 2.16
56 3.79 7.63
57 8.18 6.83
120 1.98 4.37
67 7.57 3.5
137 0.5 2.36
117 1.84 7.28
235 1.89 5.64
33 1.76 5.49
243 1.05 0.44
202 7.64 5.97
54 4.78 0.75
128 6.65 3.71
265 5.97 7.95
163 3.78 1.87
115 1.31 1.7
156 0.96 0.73
102 0.09 4.76
135 0.95 4.8
7 2.97 4.64
253 6.22 5.71
280 2.43 0.97
143 7.93 4.13
214 5.03 1.69
176 7.61 3.34
114 3.15 3.42
99 3.08 3.0
274 1.23 7.12
161 0.61 1.71
38 3.46 1.57
4 1.29 6.98
209 3.91 2.92
87 1.06 0.65
69 6.7 1.47
16 8.03 5.65
178 0.22 2.0
138 2.17 1.46
15 2.02 3.96
197 7.82 5.15
129 8.16 6.89
151 3.71 2.24
171 8.38 3.18
254 0.49 3.93
200 7.94 3.98
257 3.41 3.74
240 1.37 0.64
119 1.65 2.04
106 5.29 7.79
43 4.33 5.78
193 4.6 3.1
41 5.78 2.56
39 1.24 7.98
25 7.01 2.97
51 3.04 5.36
241 7.23 4.27
125 0.51 2.1
110 3.01 2.75
247 4.91 5.95
130 4.11 7.37
233 6.43 1.89
13 5.54 3.97
71 6.17 2.64
262 0.15 3.45
44 5.05 7.22
221 0.66 1.13
154 1.01 7.94
104 2.33 7.15
263 8.23 4.05
272 3.63 2.48
27 4.07 5.33
231 4.3 6.38
65 1.19 3.65
276 1.93 1.37
157 3.27 5.11
9 6.47 3.31
203 6.58 3.05
98 0.06 2.58
61 0.62 0.42
131 6.78 3.27
223 2.19 0.45
216 7.74 6.77
100 4.47 6.71
64 7.75 1.65
3 0.85 6.33
167 7.32 3.41
236 6.95 3.81
165 1.54 1.08
107 7.62 1.48
124 0.9 4.02
237 1.99 3.46
267 8.58 0.16
170 7.28 1.18
226 7.58 6.53
239 5.2 7.52
80 0.36 0.13
212 1.63 4.09
93 0.27 6.01
22 3.52 3.94
52 5.09 5.91
126 0.68 5.32
91 4.32 3.72
20 3.76 2.53
249 2.86 2.52
186 0.65 6.51
60 7.91 4.25
195 7.5 6.21
144 0.01 4.5
251 4.62 2.76
222 8.04 4.28
264 1.04 3.4
273 5.02 4.26
113 6.19 6.27
206 7.73 1.9
85 3.49 1.07
103 4.31 4.68
34 5.66 7.06
164 5.62 4.1
278 4.66 2.38
205 5.28 4.44
12 4.39 7.77
90 4.04 1.52
234 5.3 1.86
81 4.67 4.75
79 3.59 1.68
268 0.91 7.08
177 2.73 5.28
35 3.35 7.92
270 3.29 1.99
256 0.97 4.94
88 3.94 6.82
136 1.79 1.81
75 8.5 6.11
192 2.15 7.67
224 4.0 2.79
244 3.99 4.93
66 2.47 4.6
242 8.32 7.33
211 5.98 3.22
184 1.95 6.42
31 2.1 6.15
73 3.47 4.22
29 8.4 1.84
1 6.52 4.32
59 7.31 3.33
217 6.8 0.83
227 2.72 1.39
28 2.36 3.82
62 7.69 6.52
45 5.61 5.18
30 2.12 2.47
37 4.51 0.99
198 2.51 2.26
55 2.53 0.96
58 2.0 0.14
207 3.44 6.5
258 5.63 3.09
160 3.95 5.19
148 1.74 6.31
162 0.73 5.94
215 8.22 0.17
238 5.48 4.06
150 4.18 4.03
19 6.89 0.89
32 3.93 3.77
132 4.22 5.8
68 6.68 5.59
