143
1 0.07 1.83
4 5.51 1.56
110 6.08 1.76
64 6.4 0.68
5 1.98 0.56
143 6.96 0.47
92 0.46 0.75
112 4.74 1.9
57 3.74 1.86
24 7.4 1.54
67 3.79 0.5
87 2.33 0.33
78 6.23 0.38
27 4.71 0.61
93 5.36 1.61
26 3.73 2.01
72 3.94 0.91
37 2.37 0.79
42 2.2 1.1
76 1.99 1.5
51 4.02 0.09
136 1.6 0.67
62 4.55 1.06
108 1.22 1.93
77 1.11 1.48
109 3.28 0.31
44 2.39 1.24
53 5.14 1.92
25 6.14 1.36
8 5.6 1.6
31 5.33 0.17
79 4.33 1.22
106 1.93 0.53
132 4.46 1.16
94 5.69 1.73
22 6.63 0.06
75 2.24 1.95
14 5.28 1.98
123 5.06 1.45
80 7.33 0.43
59 5.42 0.78
73 0.77 0.19
107 3.25 1.62
36 1.67 0.92
89 0.12 1.52
56 1.76 0.57
3 3.71 1.67
16 4.59 1.46
85 4.12 1.97
60 0.32 1.38
131 2.96 0.95
119 4.63 1.2
70 0.7 1.23
86 0.06 1.63
35 2.3 1.7
91 4.14 1.78
20 0.99 0.97
30 6.46 0.94
95 2.82 0.08
84 1.07 0.3
49 5.35 1.28
102 2.35 0.66
55 0.84 1.18
140 6.79 1.11
114 3.33 0.54
43 5.23 0.26
98 6.64 0.86
46 1.59 0.76
47 4.99 1.84
100 3.21 1.49
33 7.04 0.69
66 3.49 1.8
139 2.5 1.43
117 3.03 0.4
45 6.43 0.01
122 4.52 1.12
88 7.1 0.2
68 5.61 1.85
71 0.26 0.59
129 6.28 1.42
10 7.39 0.49
96 2.78 0.37
103 1.12 1.04
65 5.59 0.11
6 2.76 1.39
128 4.34 1.21
54 2.95 1.77
141 3.47 1.59
28 1.87 0.18
81 0.95 0.05
38 1.97 0.45
90 3.3 1.96
120 4.73 0.81
99 4.48 1.03
52 0.03 1.47
12 6.12 0.22
50 4.91 0.65
15 7.0 0.87
32 5.45 0.71
7 1.73 1.05
118 1.13 0.89
23 2.18 1.35
13 3.1 1.02
21 6.47 1.74
58 0.62 1.33
82 3.43 0.99
69 6.76 1.27
133 6.59 1.79
83 7.44 1.14
97 0.69 1.82
126 1.83 0.48
113 2.92 1.08
17 3.88 0.63
63 3.75 0.39
41 3.31 1.34
116 1.02 0.02
137 3.82 1.65
104 2.55 0.77
121 5.52 0.82
40 5.39 0.27
124 3.67 0.23
61 0.39 0.15
105 4.32 1.26
127 3.39 1.87
48 4.24 0.85
9 1.51 0.7
19 0.44 1.69
125 4.01 0.35
142 5.44 1.0
134 2.06 0.52
11 2.32 0.13
115 3.66 1.94
138 5.84 0.88
130 0.1 1.64
2 5.82 2.02
101 4.53 0.29
135 1.48 1.75
34 5.68 0.28
74 4.43 0.6
29 1.18 1.07
39 4.85 1.15
111 3.95 1.41
18 7.08 1.81
