470
232 1.34 0.35
468 0.47 0.51
167 1.28 1.87
287 2.72 2.27
1 3.15 1.51
102 4.17 4.1
386 0.08 0.98
153 4.33 1.77
266 2.17 2.17
250 3.43 1.58
330 0.21 0.65
357 2.52 2.74
176 1.84 4.49
377 2.4 3.97
265 0.46 4.18
343 3.65 0.86
325 2.9 3.23
191 4.52 1.92
420 2.77 2.23
198 2.16 2.97
6 2.56 2.78
456 1.69 4.28
103 3.83 3.27
117 4.27 2.22
462 4.68 4.05
144 2.82 3.46
264 3.48 2.88
169 3.5 0.15
68 4.35 0.26
393 2.74 1.99
424 4.53 1.04
101 4.36 0.79
384 0.16 3.63
458 2.81 0.99
34 1.51 1.34
281 4.38 3.35
61 4.57 1.44
334 4.04 0.74
351 2.53 0.95
446 0.36 1.56
238 1.88 3.33
451 0.56 2.48
195 0.62 1.71
465 4.19 1.57
380 4.1 3.89
44 2.6 1.82
205 4.63 3.6
344 2.93 3.56
430 0.95 1.05
118 3.4 1.95
411 0.42 2.39
322 3.01 2.86
402 2.14 1.07
210 4.06 2.26
426 0.92 2.49
413 1.14 3.31
48 3.86 2.56
349 0.84 1.22
358 2.02 2.84
135 2.33 0.81
43 3.88 1.88
421 1.92 2.37
8 2.29 4.64
368 2.35 0.89
199 3.74 3.49
174 3.93 2.71
387 3.41 1.24
240 3.7 2.11
55 3.33 0.93
166 4.5 3.93
364 3.67 4.34
299 0.2 2.65
436 4.66 2.21
228 4.01 3.68
148 0.65 1.39
464 3.07 3.36
320 0.69 3.47
186 3.0 2.14
109 3.22 1.5
268 4.03 3.11
328 2.85 1.63
138 3.45 4.5
13 4.69 0.49
131 1.57 0.5
381 1.11 3.15
93 0.57 2.16
207 1.18 1.65
243 1.45 4.01
187 3.71 3.52
379 1.54 3.3
157 0.34 4.24
404 0.39 2.8
82 3.09 2.08
374 0.88 1.19
270 2.28 2.81
80 2.95 0.66
361 3.97 3.66
340 4.49 3.32
54 3.57 0.57
452 1.61 1.16
161 2.68 2.12
38 2.78 4.54
142 0.59 0.04
372 0.78 1.42
72 1.58 2.9
390 0.4 2.01
382 3.24 4.46
90 1.77 2.4
7 0.89 3.06
128 3.04 4.38
73 0.77 3.51
35 1.74 4.2
262 1.72 1.96
283 0.45 4.08
267 1.2 2.31
3 4.55 2.52
209 3.42 2.85
107 2.09 0.14
70 0.54 4.36
308 2.46 4.03
315 4.45 2.36
24 3.29 2.3
83 0.33 4.13
422 0.19 2.94
45 4.65 0.7
180 3.27 1.59
184 0.79 0.27
466 2.66 3.54
450 4.34 4.19
246 2.75 1.23
92 4.18 3.59
60 2.07 0.94
350 2.38 3.53
215 2.26 3.81
274 1.65 2.68
257 2.84 0.32
415 2.24 3.83
52 1.5 2.28
417 0.75 2.25
175 2.34 2.34
470 3.95 2.95
206 1.04 2.73
236 1.05 1.06
444 0.24 2.82
156 0.82 3.71
158 2.64 3.08
96 0.93 3.67
59 0.04 3.82
312 3.75 3.94
202 3.89 1.83
71 0.91 4.31
185 3.8 1.33
98 1.99 3.45
397 3.84 1.13
463 1.44 4.44
371 0.28 2.06
293 1.42 3.55
113 4.12 4.59
129 4.08 1.94
214 0.55 3.22
14 3.66 3.0
272 4.24 3.85
288 2.0 4.11
178 0.49 1.01
431 2.44 1.29
277 2.08 4.53
37 0.64 3.75
183 2.83 4.43
237 3.51 3.28
234 3.52 4.12
231 1.19 1.75
173 3.34 4.25
433 3.11 0.3
9 0.96 1.6
201 2.62 1.0
342 3.31 3.96
62 2.58 1.55
99 1.43 2.54
212 3.6 4.68
453 3.54 4.52
316 1.83 0.92
78 1.4 0.56
89 3.13 3.99
126 3.06 3.9
87 2.27 0.36
352 0.66 3.76
278 0.68 3.25
324 2.2 0.63
437 0.44 4.61
140 4.31 1.74
127 4.07 1.28
39 0.32 1.41
88 4.44 0.16
407 2.94 2.35
276 4.64 2.89
333 3.56 1.32
11 3.1 2.91
141 2.7 0.48
5 4.14 0.1
338 1.12 0.87
448 0.06 0.58
119 3.68 2.57
297 2.89 1.26
182 1.46 3.18
280 4.13 2.92
146 0.23 0.34
18 1.03 3.26
51 4.3 0.25
376 2.47 1.86
219 2.15 1.46
414 1.75 2.51
95 2.63 2.42
218 1.49 3.13
84 1.6 3.1
77 3.18 3.98
94 1.29 4.17
336 1.01 2.02
85 0.09 2.6
86 4.4 0.24
335 2.54 1.62
203 3.99 2.2
154 4.7 4.32
97 0.74 1.47
454 1.52 4.02
327 0.58 1.43
247 2.92 2.67
66 1.24 3.72
226 4.59 4.07
190 1.37 3.24
120 0.85 3.16
106 1.3 3.43
461 4.2 3.44
298 3.26 3.29
306 0.87 2.61
345 3.91 2.53
296 3.12 3.91
249 2.19 1.89
423 0.63 4.66
392 2.11 1.02
457 2.55 0.72
192 2.32 2.99
396 1.78 1.67
418 1.98 2.0
225 3.73 1.9
445 1.59 1.12
434 1.22 1.03
319 2.99 1.53
442 3.36 0.31
56 3.53 2.79
30 1.94 2.58
408 3.23 0.83
241 0.38 1.68
172 1.36 0.69
398 3.35 2.98
22 3.58 0.13
284 3.59 2.55
235 3.38 1.36
32 1.8 0.52
41 4.39 0.02
23 2.01 3.7
292 0.37 2.76
294 4.42 4.39
122 1.25 0.37
355 0.52 2.41
110 3.47 3.69
391 4.58 0.55
57 0.7 0.75
271 3.03 3.8
53 3.46 1.45
383 0.41 4.6
251 3.69 1.17
314 2.06 1.4
244 1.33 4.48
29 0.3 3.92
152 4.05 4.42
189 0.8 3.41
432 2.31 4.35
385 3.78 3.2
375 0.03 3.95
63 2.21 3.12
91 4.22 0.78
416 0.15 4.47
329 2.03 2.15
130 3.05 0.21
133 2.86 0.2
389 4.29 1.11
50 4.51 3.34
211 1.38 2.62
409 2.25 0.43
399 2.13 4.27
74 2.22 3.38
405 1.97 2.96
273 3.25 3.61
403 0.48 0.76
341 1.17 1.8
295 3.02 4.04
105 2.76 3.19
139 1.27 2.33
164 2.12 2.07
248 3.37 1.76
282 4.21 4.0
260 1.66 0.11
121 0.17 0.4
170 3.81 0.84
256 1.53 0.28
354 1.79 3.04
145 1.32 0.68
162 3.19 2.5
337 0.99 3.87
394 3.44 4.58
134 2.88 3.65
10 2.59 1.2
406 2.39 4.33
67 3.87 0.19
323 2.97 0.62
353 0.98 0.41
58 1.08 3.07
429 1.0 1.25
370 4.15 1.37
76 0.18 0.64
159 4.09 3.05
443 3.14 4.63
255 2.65 0.85
269 2.3 3.17
116 0.31 1.15
222 0.81 0.8
143 0.22 2.75
440 0.5 0.03
356 3.85 2.05
419 1.15 0.38
412 1.39 2.87
181 1.06 0.96
196 0.51 0.17
112 4.48 4.55
165 0.94 1.98
289 0.83 0.88
168 4.23 0.77
150 2.45 1.21
19 0.76 1.84
151 1.82 2.13
79 1.73 3.42
171 1.16 4.3
42 3.72 0.45
21 2.61 0.82
301 1.35 1.3
194 4.54 2.64
179 2.49 2.45
229 1.67 0.61
65 3.63 1.73
467 3.79 4.67
401 0.02 2.29
367 3.3 1.81
460 3.21 4.21
64 0.27 0.67
108 2.96 0.29
305 1.95 0.91
69 1.13 1.85
233 1.07 3.4
428 1.21 3.77
286 4.26 1.52
2 4.0 0.09
213 0.29 1.27
303 4.46 4.51
318 1.48 4.29
388 0.71 4.23
81 2.91 0.39
310 3.9 2.04
4 2.5 4.41
254 1.81 3.62
115 3.64 1.61
49 2.87 3.09
441 2.79 0.6
25 2.18 4.22
125 0.72 1.97
193 4.56 2.66
332 3.76 4.15
373 3.17 0.08
261 3.92 0.54
253 1.68 1.54
410 0.07 1.72
147 3.2 4.45
439 1.87 0.71
136 2.48 2.72
230 0.35 2.18
275 1.23 1.93
124 2.8 1.08
227 0.53 1.69
224 0.9 0.18
317 4.25 0.07
188 0.97 2.24
326 2.69 4.26
33 2.57 3.73
26 2.42 4.69
27 0.6 3.78
217 4.02 3.01
239 4.16 1.91
16 1.64 2.7
311 1.71 3.02
197 1.93 4.62
321 4.67 1.09
40 0.14 2.38
435 2.98 2.09
216 3.94 2.83
242 0.43 1.78
304 1.76 2.44
307 4.47 0.42
360 2.43 3.84
459 3.08 2.43
259 1.31 3.39
208 4.61 1.18
12 2.1 0.22
123 4.11 0.73
378 2.37 4.4
258 4.62 3.86
427 0.86 4.56
47 1.47 3.64
302 3.62 3.21
177 1.02 1.14
449 3.39 0.53
291 0.25 4.37
425 0.12 1.64
455 0.26 4.06
313 4.43 1.38
309 0.11 0.01
279 1.55 3.58
163 3.49 0.12
114 0.01 1.31
365 1.9 3.74
100 1.91 2.93
223 0.61 0.46
137 4.37 0.23
221 2.51 1.7
363 2.23 0.05
400 1.41 4.09
362 1.26 4.16
149 0.67 3.37
447 3.32 2.03
438 0.05 0.97
252 1.86 1.66
46 2.05 0.33
20 3.28 0.9
160 3.55 3.14
220 0.1 2.32
15 3.16 0.59
348 1.7 4.7
28 4.6 2.69
155 1.62 3.57
104 1.89 3.5
200 3.96 3.88
346 1.1 1.35
204 0.13 3.79
469 4.41 4.57
17 3.98 2.19
300 2.04 1.48
331 4.28 0.47
111 0.73 4.65
75 1.85 2.47
366 3.82 2.59
36 2.67 2.63
263 2.71 0.44
132 1.63 4.14
31 2.73 3.03
359 3.77 0.06
339 4.32 2.77
245 3.61 1.1
347 2.41 1.49
290 1.96 1.79
285 2.36 2.46
369 1.09 2.1
395 1.56 3.48
