99
32 1.36 0.61
53 0.12 0.87
87 0.22 0.73
99 0.2 0.65
31 1.76 0.81
18 0.45 0.26
36 0.08 0.42
75 1.22 0.91
80 0.19 0.99
97 0.42 0.96
60 0.99 0.86
9 2.27 0.82
43 1.51 0.23
62 1.8 0.22
10 1.9 0.88
72 2.44 0.05
68 0.59 0.12
37 1.18 0.48
71 1.64 0.89
85 1.34 0.54
49 0.58 0.06
50 0.43 0.32
64 1.6 0.25
95 1.05 0.5
23 1.85 0.84
30 1.21 0.35
90 0.64 0.74
40 0.88 0.97
38 0.61 0.76
13 1.04 0.41
86 0.48 0.34
35 1.38 0.24
45 0.77 0.78
84 2.57 0.71
88 1.32 0.98
70 2.47 0.55
73 0.7 0.75
21 1.55 0.21
7 1.4 0.1
46 2.11 0.38
14 0.26 0.29
96 2.15 0.08
74 1.81 0.94
44 0.85 0.2
52 0.69 0.45
42 2.29 0.72
22 1.17 0.02
41 1.25 0.31
93 0.05 0.43
63 0.5 0.79
98 1.26 0.53
6 2.24 0.07
81 2.62 0.27
54 1.91 0.9
24 1.37 0.93
91 1.71 0.95
58 1.09 0.11
83 1.83 0.63
59 2.34 0.6
67 0.04 0.17
27 0.32 0.49
79 2.38 0.47
8 2.02 0.15
77 1.02 0.64
61 1.68 0.3
92 1.59 0.62
26 2.66 0.85
17 2.67 0.77
47 2.6 0.03
57 1.79 0.09
3 0.67 0.51
25 1.19 0.59
51 0.54 0.68
29 1.78 0.04
28 1.12 0.69
76 2.49 0.46
12 1.11 0.19
11 1.27 0.58
33 1.45 0.14
82 1.35 0.8
19 2.01 0.33
15 2.53 0.39
69 2.35 0.01
48 1.7 0.37
94 0.56 0.4
4 0.35 0.13
16 1.5 0.52
2 1.24 0.16
20 2.32 0.18
89 1.13 0.92
65 2.22 0.67
5 2.12 0.56
55 0.92 0.36
66 2.17 0.83
1 0.03 0.7
34 1.66 0.57
78 1.56 0.28
39 2.55 0.44
56 0.23 0.66
