214
65 4.03 2.4
13 0.36 5.28
17 1.53 2.78
127 2.45 0.04
102 3.72 4.48
91 3.1 4.09
178 1.94 1.11
48 2.29 3.99
205 4.08 3.58
129 1.21 4.03
15 0.27 0.17
53 3.63 1.96
95 2.88 1.25
83 0.37 4.87
52 0.25 4.0
197 3.17 4.59
20 3.29 0.38
32 2.24 5.38
89 0.07 1.62
41 3.34 4.7
176 1.71 5.65
28 4.42 1.9
19 0.52 2.09
200 2.19 0.18
209 1.75 5.17
77 1.35 4.25
64 4.47 0.55
168 1.76 4.14
23 0.45 1.12
7 1.16 4.29
151 3.88 5.01
63 4.01 2.52
155 4.4 2.55
79 1.99 2.83
10 4.21 3.34
125 4.29 2.62
34 1.64 0.7
116 0.11 0.61
163 3.14 1.63
103 2.06 3.41
54 3.7 3.44
198 2.52 1.87
11 2.02 1.81
108 4.74 2.27
71 3.89 1.89
36 2.35 0.5
131 4.56 4.89
113 4.62 2.85
210 0.51 4.06
187 0.95 2.17
90 2.78 5.44
137 3.25 4.63
55 2.39 4.02
204 0.78 4.61
12 2.15 2.64
134 0.13 0.51
146 1.42 5.23
33 2.55 0.14
59 0.05 1.95
170 1.48 1.53
162 1.08 0.26
136 4.06 0.68
123 1.39 2.33
75 1.43 2.59
140 2.57 3.66
68 4.33 2.0
180 1.14 5.02
152 1.38 1.36
29 2.36 1.73
179 3.0 1.68
185 4.43 1.64
177 4.19 2.39
120 0.6 3.54
107 3.19 0.27
165 2.2 1.84
135 1.57 1.09
169 3.73 2.01
57 3.68 1.15
157 3.24 3.0
148 0.94 0.23
159 1.33 4.78
84 4.5 5.07
31 4.54 4.19
4 3.87 2.15
202 2.21 5.11
149 1.09 0.3
43 0.4 0.48
173 4.6 2.51
196 3.83 5.19
37 3.15 0.41
51 4.39 0.35
38 2.13 3.12
175 0.73 0.88
212 1.25 0.52
62 3.33 2.11
88 0.7 2.77
97 2.25 1.78
96 3.8 2.93
182 4.28 4.76
193 1.7 1.04
195 1.15 4.35
25 1.55 2.43
164 4.63 5.62
40 1.18 0.15
201 1.67 1.27
106 4.48 5.29
74 1.93 1.0
21 3.01 4.82
92 2.08 2.21
150 2.6 4.46
87 3.28 0.62
99 2.98 1.98
141 0.83 4.2
24 3.6 0.8
206 2.66 4.74
72 4.58 0.4
153 2.49 5.16
147 0.39 3.4
132 3.52 3.04
126 3.27 1.66
49 0.55 2.8
8 2.68 4.5
130 2.37 1.01
58 2.18 5.42
192 2.23 2.53
27 3.22 5.06
139 2.27 3.68
109 1.13 1.6
45 2.73 3.7
85 4.53 0.39
203 4.68 5.5
6 3.02 2.9
9 0.65 5.39
124 1.63 2.98
39 2.42 3.62
121 4.7 1.45
30 1.06 0.28
119 0.33 5.0
1 1.34 0.08
166 3.93 4.81
70 2.47 4.17
156 0.84 1.06
158 0.16 3.56
26 4.73 4.67
112 3.32 2.36
199 0.34 5.33
47 4.49 2.61
190 4.41 0.81
186 0.1 5.47
189 1.81 1.38
117 4.55 4.11
80 0.38 5.64
183 2.84 1.93
76 1.19 1.97
44 4.44 3.98
138 1.68 2.67
46 1.5 5.81
35 3.03 2.49
56 2.59 3.92
78 0.31 1.88
133 0.76 3.73
188 1.86 4.12
98 3.41 5.15
181 0.28 0.46
42 1.51 3.64
167 1.02 1.83
208 2.99 3.49
128 2.63 2.57
73 4.64 0.92
18 0.82 5.7
2 3.13 1.16
213 3.45 3.21
14 1.44 3.02
161 4.23 5.41
67 0.35 3.76
111 0.57 2.95
104 3.21 3.67
211 1.31 5.61
143 4.32 2.48
122 4.09 0.79
160 0.04 3.69
144 1.66 1.18
154 2.03 5.69
114 0.43 2.66
142 2.32 4.16
171 2.16 2.74
207 3.12 1.67
61 4.11 4.79
16 0.5 0.09
118 1.6 2.7
172 0.74 5.56
50 1.17 0.89
115 3.75 3.78
174 1.85 3.75
86 4.66 0.64
145 3.43 1.43
194 3.71 5.34
105 2.1 2.1
94 3.26 3.48
81 4.67 1.07
184 1.22 1.41
93 4.36 4.51
191 4.38 5.8
101 4.31 5.08
100 4.59 3.47
82 1.91 5.72
69 1.96 5.76
60 3.82 1.3
3 2.38 0.85
66 1.87 3.28
5 0.75 0.47
214 2.79 4.33
22 2.96 1.34
110 1.32 0.73
