324
17 1.58 2.68
206 3.68 2.15
47 2.83 1.09
51 3.72 0.56
76 3.99 2.12
245 2.61 0.39
50 2.17 1.06
89 1.52 2.6
296 3.1 2.85
88 3.43 1.1
71 2.64 1.34
143 0.84 2.78
266 3.76 0.3
323 2.44 1.18
19 1.68 2.76
223 2.35 1.3
224 2.82 2.07
72 0.69 2.69
8 1.88 2.84
288 3.11 0.75
115 3.17 1.87
23 3.15 0.15
222 0.08 3.12
314 1.56 2.35
92 3.92 1.13
149 2.31 1.02
99 2.16 0.89
194 4.0 1.77
134 1.34 0.54
260 0.95 1.07
269 2.63 2.29
308 1.75 1.57
153 2.09 0.23
247 3.52 0.84
147 3.67 1.59
65 1.15 1.56
130 0.7 1.15
319 0.9 1.47
40 1.7 0.97
193 0.66 1.26
201 2.19 0.24
182 2.6 0.38
192 1.32 2.88
34 0.03 1.17
29 3.26 3.23
127 3.51 1.61
66 3.82 3.04
2 0.34 2.87
109 2.47 3.18
202 2.85 2.23
186 1.33 2.02
285 2.75 2.21
173 2.89 0.17
171 0.89 0.78
31 1.41 2.01
220 3.53 0.16
289 0.86 2.91
278 1.65 2.72
156 3.55 2.8
91 0.41 2.2
191 3.59 1.92
95 1.17 1.48
58 0.96 1.72
243 2.93 2.97
113 0.14 1.79
15 3.7 0.37
218 1.74 0.92
112 1.11 3.07
35 2.78 0.07
145 3.34 0.83
158 2.95 2.4
133 0.25 1.86
277 3.71 3.06
37 1.48 1.83
14 0.91 0.76
151 3.45 0.5
62 3.78 1.63
302 2.06 3.05
273 3.93 2.39
322 2.42 2.22
24 1.96 0.09
244 1.05 2.98
307 2.13 2.79
190 1.83 1.78
41 1.24 3.16
144 1.06 0.03
205 3.86 0.31
213 2.56 0.27
73 1.84 2.61
239 2.76 0.26
146 2.49 0.51
163 1.1 0.87
309 2.51 1.36
211 0.38 1.98
168 2.54 0.72
136 0.27 0.58
125 1.4 0.49
116 3.42 0.22
79 1.98 1.64
255 2.79 2.81
240 2.05 0.48
227 1.37 1.2
121 3.36 1.22
188 1.99 1.21
78 1.46 2.18
22 2.94 1.85
70 0.98 0.52
176 0.1 2.74
111 2.96 0.36
167 1.04 0.85
170 0.67 0.71
117 1.71 2.82
118 2.15 0.12
185 3.33 1.89
90 2.69 2.65
234 1.89 2.09
148 2.2 0.99
55 0.51 3.09
154 0.72 1.04
104 3.21 1.88
12 2.65 2.42
85 3.24 1.33
131 0.21 2.1
53 2.32 2.06
7 0.35 1.43
290 0.18 1.11
137 0.19 1.35
54 3.14 2.37
282 3.03 1.37
159 1.94 1.4
262 1.53 0.53
242 2.26 1.49
124 3.89 0.59
157 2.7 0.62
28 2.55 2.67
179 0.47 0.4
138 1.12 1.55
267 0.75 2.9
279 2.39 2.71
312 3.81 3.22
230 3.57 0.42
16 1.79 2.73
297 1.61 2.13
160 0.68 1.6
238 0.55 3.19
237 1.22 1.24
195 2.81 0.41
21 0.43 0.67
155 3.12 0.11
59 2.27 2.57
253 1.62 1.16
80 2.45 0.06
320 1.42 1.28
181 2.8 1.93
265 2.23 0.01
221 0.65 0.29
10 1.35 1.14
212 2.72 1.08
199 3.65 0.32
83 0.97 2.46
317 3.87 1.95
189 0.59 0.64
303 1.02 0.14
87 0.04 2.59
33 2.36 3.14
57 1.87 2.62
43 2.29 1.39
324 1.5 1.75
313 1.3 0.33
110 2.43 1.42
86 2.11 2.17
81 1.97 2.7
162 0.26 2.77
316 0.99 0.88
217 3.25 3.03
274 0.09 1.52
75 0.37 0.77
96 2.41 0.25
5 2.91 1.99
42 3.48 1.01
215 3.28 0.8
233 0.56 1.94
107 1.86 2.03
249 1.51 0.74
69 3.84 1.97
263 3.9 2.64
198 1.09 0.81
49 1.45 3.02
270 3.22 1.96
93 1.38 2.19
204 3.96 2.54
228 1.07 0.02
68 3.85 0.44
6 0.39 1.25
286 3.61 0.6
63 0.49 1.84
257 3.83 0.21
120 2.38 2.48
123 0.06 2.58
122 0.23 3.21
100 2.33 1.58
114 0.71 3.1
13 1.08 1.74
250 0.64 0.66
32 3.63 0.05
229 2.84 2.56
241 3.94 1.32
216 1.43 0.47
246 3.35 2.86
56 1.16 1.05
172 1.01 2.34
82 3.97 0.18
268 2.03 1.46
304 1.21 2.25
281 1.59 0.79
321 3.06 0.91
287 2.21 2.75
292 1.85 3.24
20 0.57 2.36
254 3.62 1.67
231 1.26 0.35
203 2.77 0.61
252 0.94 0.9
180 3.04 2.3
264 3.02 2.51
184 3.31 2.95
4 0.81 0.63
18 1.69 0.19
161 0.33 1.71
165 1.63 1.0
301 0.5 1.66
283 0.52 0.82
276 0.62 2.38
295 0.48 1.44
101 1.23 0.96
39 1.13 2.83
140 2.9 1.73
219 1.47 1.53
210 0.82 3.13
258 0.05 0.55
226 0.78 3.08
236 3.27 2.89
27 3.09 0.7
200 0.11 2.53
298 1.54 0.08
97 2.86 0.34
272 1.28 2.24
259 2.74 2.66
119 0.87 3.17
164 0.44 1.51
209 1.14 2.52
60 3.18 1.19
3 0.73 1.27
248 2.67 2.33
36 3.98 2.45
132 0.76 0.98
169 2.02 3.0
45 3.54 1.45
311 3.01 2.14
129 3.37 0.57
294 3.46 1.68
64 2.24 0.13
183 3.75 0.69
152 1.78 1.69
106 2.92 2.94
139 2.12 0.65
108 0.85 0.1
1 2.07 0.93
207 3.08 2.41
11 1.2 1.31
102 3.16 2.08
126 2.68 1.5
61 1.67 2.26
214 1.73 3.11
284 2.46 2.47
197 1.55 3.2
166 3.29 1.38
94 0.3 1.29
67 0.63 1.54
293 2.53 0.95
30 3.66 1.12
142 1.36 2.05
315 3.07 2.43
141 0.6 1.9
187 2.1 1.81
44 0.15 0.28
25 2.99 1.7
232 1.03 0.86
271 1.29 2.11
306 2.48 1.82
128 2.34 2.27
275 3.5 2.99
196 0.88 1.03
291 1.91 0.73
52 0.58 2.28
135 0.36 0.43
235 3.8 1.41
300 3.49 1.91
98 0.45 2.63
280 3.69 2.93
208 2.73 3.15
299 1.25 1.23
310 3.95 2.44
178 2.71 0.45
305 0.29 1.62
26 2.08 2.5
77 3.64 1.8
46 1.81 0.04
74 0.46 0.94
103 0.13 3.01
256 3.77 2.04
105 1.64 2.31
38 0.74 1.76
261 3.44 2.0
177 3.23 0.2
318 3.05 2.92
84 1.44 2.32
9 2.97 2.16
225 1.82 2.96
150 3.4 1.65
251 0.28 2.49
48 2.22 2.55
175 2.04 0.46
174 2.28 0.68
