309
88 5.29 2.64
48 1.48 7.32
200 2.76 4.96
261 2.78 0.07
159 1.81 2.18
283 4.93 2.69
153 3.23 4.37
217 4.69 1.64
137 5.48 6.84
117 1.16 2.5
214 3.79 3.45
232 1.99 3.42
130 2.68 2.15
245 0.54 1.23
277 3.53 1.41
39 0.16 7.62
77 5.43 0.7
223 3.92 6.6
81 2.42 3.38
297 2.82 3.19
127 1.64 4.08
3 5.04 5.21
294 3.44 3.66
230 1.38 1.77
29 5.06 7.29
101 2.14 6.71
4 5.09 7.75
112 1.96 2.01
100 4.02 6.88
155 2.95 6.81
184 2.58 0.06
302 2.2 3.84
28 0.66 5.95
186 4.37 4.44
207 3.34 3.06
73 2.22 1.58
276 4.73 6.65
60 3.7 1.86
124 4.75 0.39
252 2.55 6.41
199 4.12 4.14
279 3.24 0.87
237 1.37 0.78
104 3.31 5.56
107 0.49 3.99
53 1.53 0.19
236 0.13 7.56
87 0.18 5.79
255 1.72 7.28
21 4.88 6.37
154 1.43 3.41
195 4.22 5.89
121 2.21 2.45
13 3.51 3.46
49 3.1 2.52
95 0.58 5.8
43 4.59 2.3
166 5.18 3.16
30 1.25 3.98
157 4.92 4.78
25 3.64 3.93
135 2.75 0.85
146 1.74 2.55
12 1.65 5.86
233 0.9 0.34
161 3.14 0.28
23 0.45 3.74
115 3.01 0.16
2 0.72 4.64
140 4.83 6.15
267 2.57 0.91
173 3.16 0.55
96 2.51 0.31
84 2.32 2.72
285 5.07 5.13
291 1.14 2.49
204 3.81 6.01
272 0.08 1.35
172 2.54 0.6
111 0.61 5.48
45 0.7 0.46
64 0.81 4.56
51 0.39 2.13
7 1.21 1.14
148 0.77 3.94
286 1.8 5.47
263 1.52 6.3
169 0.92 6.93
182 3.2 5.83
86 5.0 2.36
170 3.56 6.35
82 3.74 6.47
229 0.97 0.36
218 3.5 0.44
17 4.66 7.3
281 5.46 1.98
226 4.14 2.33
62 3.63 5.18
248 0.14 2.91
133 5.16 3.59
75 5.14 2.96
260 4.6 4.2
198 0.36 3.25
250 4.38 6.7
222 0.07 2.59
138 3.93 0.15
118 5.15 2.26
208 2.15 2.56
132 0.94 4.66
183 4.71 2.12
308 4.67 3.2
215 3.96 3.64
98 5.19 5.6
278 4.18 4.62
307 5.49 6.73
145 3.09 2.09
168 1.28 0.35
239 4.07 5.66
220 0.29 7.04
300 0.21 1.91
244 4.9 7.74
221 3.22 2.41
197 3.39 7.33
165 4.24 1.27
47 3.25 5.36
288 2.61 1.61
8 0.15 5.23
109 4.7 0.57
243 5.22 6.08
231 3.0 6.09
175 5.42 7.27
292 5.01 6.28
191 0.31 3.83
36 5.37 1.34
131 0.23 3.54
102 0.09 0.93
205 1.1 1.87
251 1.57 6.05
189 1.59 5.35
34 3.41 1.03
282 1.11 3.31
290 1.55 1.96
61 3.68 1.12
178 2.11 6.53
158 0.5 5.05
266 2.1 5.61
116 4.06 4.89
83 4.31 5.1
144 2.98 1.75
257 4.4 4.59
163 3.94 0.2
80 0.35 4.13
247 1.39 1.97
193 4.33 5.62
128 1.47 5.41
120 1.82 4.92
24 0.24 2.16
78 2.31 1.92
246 0.4 3.27
19 1.07 4.54
26 4.49 5.9
110 3.98 7.35
105 1.5 5.75
192 0.73 1.01
202 2.66 7.16
68 5.12 2.31
38 0.82 2.28
54 3.89 6.95
179 3.47 7.69
273 3.85 4.47
99 2.09 1.37
5 1.44 4.36
136 0.55 6.98
190 5.17 5.2
275 5.31 7.67
262 1.78 4.93
1 3.32 3.55
108 1.63 2.71
66 1.49 4.0
126 2.41 6.63
287 2.08 1.06
69 4.13 0.53
181 0.91 2.42
201 4.78 5.31
234 2.18 0.17
55 5.13 4.24
299 1.27 2.32
94 2.81 2.23
264 2.53 6.46
92 3.6 5.97
143 3.03 4.65
309 4.52 4.51
27 2.96 3.14
141 1.61 3.96
253 4.65 3.6
40 4.46 5.09
10 2.35 6.54
119 4.54 2.67
293 2.43 3.63
33 4.45 3.91
20 3.18 1.16
196 2.56 0.23
211 0.32 7.26
52 1.84 0.33
37 4.43 1.32
256 3.06 2.2
216 0.6 1.83
188 0.48 1.78
238 3.52 4.84
176 3.84 7.46
91 4.96 7.17
284 3.33 0.61
203 2.49 5.73
46 2.34 1.94
14 0.06 3.65
254 1.45 7.5
295 2.85 4.02
274 4.55 2.46
213 0.11 1.59
150 1.86 2.88
6 0.22 3.02
177 3.05 2.39
76 1.97 1.24
280 2.07 3.68
142 3.88 3.35
89 4.35 4.87
147 5.5 4.3
258 3.46 5.02
74 5.24 1.71
174 4.87 0.73
301 0.8 4.07
32 2.6 5.52
187 2.03 3.39
41 3.49 7.41
22 2.28 6.06
240 3.71 3.69
139 0.12 2.99
270 2.24 3.9
164 4.74 3.47
156 3.57 3.18
125 4.21 4.81
16 2.27 5.42
90 1.32 3.4
271 4.97 1.68
219 4.47 6.76
44 1.2 3.89
268 3.69 3.52
212 0.98 4.41
122 1.77 2.94
42 5.34 1.74
65 0.34 4.48
206 1.87 6.64
185 3.73 6.27
259 1.6 7.0
167 0.52 2.65
304 0.69 6.82
242 1.35 5.88
59 2.38 6.61
303 4.39 1.2
227 2.39 2.75
209 2.06 0.76
296 5.45 6.56
162 2.13 5.39
265 3.99 6.66
31 5.26 0.25
18 5.52 1.54
97 5.36 6.07
70 5.39 6.17
67 3.45 1.31
210 3.72 3.01
289 3.37 3.53
305 4.79 5.43
160 2.69 5.85
149 1.75 2.9
129 4.84 1.36
152 3.26 6.74
114 0.43 5.82
241 3.42 6.34
306 1.26 4.05
298 1.62 2.57
225 0.27 0.59
235 2.7 2.97
63 0.02 0.21
9 2.86 7.53
113 3.65 5.24
85 4.3 3.82
249 2.67 6.52
194 4.63 3.95
228 4.91 7.79
269 2.23 6.75
224 3.75 6.02
123 1.3 2.7
71 2.17 5.65
180 3.95 2.35
58 2.73 2.95
50 2.04 2.74
15 4.57 5.71
151 0.62 6.68
134 1.83 1.53
103 2.5 1.17
106 3.07 1.62
57 1.71 4.79
11 4.1 5.72
56 3.43 3.15
93 0.41 1.26
79 0.25 7.51
72 0.26 3.22
35 2.91 7.57
171 4.53 0.97
