453
446 3.28 0.33
45 1.41 1.31
134 4.2 2.48
110 2.89 1.99
96 0.81 2.71
227 0.51 1.42
331 2.38 1.73
362 0.34 1.67
184 0.05 2.21
373 2.22 1.1
76 4.06 0.21
239 1.27 1.49
292 3.7 2.27
188 2.86 1.87
413 4.5 0.39
135 4.53 4.39
242 2.27 1.32
260 0.07 0.34
102 0.23 3.2
369 1.64 2.9
294 2.49 2.51
298 0.6 2.54
219 1.47 0.15
309 3.71 0.94
118 0.39 1.47
360 3.38 0.36
272 2.88 2.66
51 1.34 2.67
408 3.14 4.35
418 3.94 3.01
256 0.22 0.72
335 1.23 3.48
390 3.36 4.25
2 1.02 4.42
202 3.01 0.48
128 1.35 1.81
143 1.63 2.63
10 3.03 1.04
60 3.34 1.09
397 0.25 1.78
37 2.36 0.69
130 0.02 1.48
30 2.54 1.72
322 1.71 0.31
410 3.57 2.33
54 4.43 0.79
177 3.96 0.83
273 3.43 4.51
366 4.23 3.77
24 3.77 1.19
405 0.1 1.9
363 1.18 4.38
32 3.23 0.67
4 0.91 0.68
243 2.82 3.59
22 2.21 0.98
343 4.42 2.56
103 2.06 2.76
8 2.58 0.65
33 3.29 4.28
180 3.37 3.83
39 1.21 0.23
17 0.13 0.2
245 1.66 2.82
429 0.33 2.55
7 2.72 1.97
77 3.33 3.84
307 1.15 0.09
368 3.74 3.9
281 2.71 0.75
327 2.75 2.57
326 1.17 1.43
48 1.1 4.36
436 0.73 0.62
44 0.16 4.24
64 2.8 1.23
176 2.13 0.61
443 0.83 0.76
290 4.07 3.13
251 1.89 2.35
412 2.53 2.23
27 1.45 4.44
315 4.01 0.77
434 0.88 1.22
297 2.47 4.43
49 2.07 1.26
186 3.88 2.08
209 0.55 2.77
59 3.81 1.63
21 2.83 3.35
280 0.87 2.16
148 0.64 2.83
340 0.12 3.26
400 2.26 1.36
270 3.39 4.34
398 1.11 0.25
336 2.59 2.17
399 0.47 2.22
381 1.68 2.78
170 1.92 1.93
282 3.3 4.06
357 0.53 0.63
420 3.45 3.37
439 3.25 3.54
388 0.03 3.69
431 3.07 2.29
149 2.15 2.72
308 3.65 3.16
193 0.36 2.74
61 2.69 1.61
424 4.13 0.74
428 2.28 3.3
70 1.36 4.46
407 1.52 1.25
346 4.1 4.48
179 1.05 3.19
241 3.47 3.53
117 2.87 0.37
448 4.04 1.6
402 1.82 3.92
218 2.73 2.41
236 2.11 1.53
284 2.79 1.02
101 2.94 4.41
278 1.32 4.02
207 3.64 4.11
268 0.74 0.3
46 4.28 3.09
203 1.9 2.73
89 4.3 2.07
67 0.95 2.58
113 4.38 0.02
271 4.49 0.93
34 2.09 1.7
86 1.62 0.13
222 4.26 0.87
81 0.76 1.0
168 4.18 3.7
56 0.04 2.52
404 1.29 2.68
345 2.66 2.36
195 2.63 0.85
204 2.5 3.52
341 3.35 1.52
353 1.07 2.61
106 0.9 1.44
196 1.58 4.07
79 0.68 2.86
374 1.04 3.34
259 1.13 0.41
333 3.21 1.24
438 0.41 3.74
140 4.36 2.89
316 4.12 3.98
74 2.76 1.41
224 3.87 2.94
383 1.86 0.14
423 2.96 3.17
279 2.85 3.85
213 0.4 3.12
339 3.54 1.39
430 0.97 1.75
433 4.14 3.36
69 4.15 2.47
43 1.5 1.21
192 4.46 1.82
226 4.45 1.33
82 0.15 2.4
338 2.92 1.01
145 3.6 1.58
384 3.79 1.95
321 2.18 2.99
123 4.09 1.3
162 2.67 2.95
158 0.09 4.21
421 1.19 3.24
98 2.1 4.47
142 3.08 4.0
266 0.62 0.11
28 0.93 4.04
5 3.12 1.77
131 0.28 0.56
108 3.8 4.23
215 4.16 3.79
175 0.7 2.39
36 2.35 3.93
367 3.75 0.59
62 1.93 3.89
183 2.98 1.17
91 1.69 0.55
126 2.3 3.8
361 4.44 0.84
277 3.18 3.87
100 1.16 0.4
11 2.95 3.15
83 3.11 4.4
447 0.24 4.18
221 4.22 4.22
73 4.32 1.35
212 3.68 0.12
441 2.02 2.3
65 0.5 3.61
347 3.58 2.44
25 3.92 4.09
216 1.49 1.11
147 3.31 0.17
58 0.29 3.63
189 2.43 2.1
389 2.7 3.75
386 1.51 2.64
317 2.68 2.59
450 1.99 1.91
129 0.42 3.81
263 4.0 3.06
198 1.84 0.07
133 2.32 1.92
84 2.23 1.03
314 4.34 2.5
122 1.03 1.07
119 1.77 1.56
257 1.39 2.69
348 3.16 0.22
208 0.31 3.71
296 2.03 1.13
87 3.51 2.8
94 4.51 3.42
9 3.17 1.8
409 1.65 3.65
395 0.06 3.28
72 0.78 3.5
197 2.29 0.81
26 3.85 0.86
403 1.61 4.33
52 2.78 2.62
342 1.73 3.49
93 0.96 2.38
293 4.08 1.83
6 4.29 4.17
50 0.79 4.5
235 2.84 1.85
109 3.61 4.13
382 1.91 2.02
319 2.12 3.6
391 2.46 2.06
185 3.32 1.15
354 1.59 0.95
246 3.4 1.4
152 0.66 4.53
150 1.78 2.01
85 4.35 2.19
313 3.13 0.78
174 2.05 0.01
396 1.37 0.53
394 3.73 2.98
288 3.98 2.31
80 1.6 2.93
249 0.63 0.54
18 1.0 1.2
291 2.17 0.26
417 4.11 2.43
53 3.09 2.24
68 0.86 2.7
225 0.57 3.18
332 2.2 2.15
42 1.43 0.38
276 1.96 3.32
300 0.56 0.64
324 0.38 3.25
252 3.48 3.39
262 3.41 0.71
159 1.56 2.75
283 3.69 0.05
376 2.99 0.96
124 2.57 0.9
285 1.87 1.05
206 0.46 4.03
171 4.21 2.96
364 2.81 3.4
286 4.41 3.14
220 1.54 3.58
320 2.65 0.16
14 0.71 1.55
261 2.45 0.51
200 1.06 0.29
393 1.97 0.6
121 2.44 2.18
411 0.58 4.31
451 3.62 0.06
311 4.47 3.04
228 3.0 4.49
453 3.24 3.07
325 3.1 0.5
328 1.28 0.27
138 2.64 1.69
151 1.14 4.08
349 2.34 2.42
66 0.85 3.33
63 2.51 1.18
157 0.67 3.11
136 3.46 1.94
29 0.11 3.68
254 4.27 2.2
88 4.02 0.08
144 1.88 1.96
230 0.21 3.45
38 3.86 3.55
234 3.02 1.68
16 0.92 3.05
31 1.25 1.51
255 1.8 2.32
132 3.56 0.19
107 4.52 4.19
139 4.31 4.37
99 2.48 4.32
240 1.67 0.66
419 0.43 2.09
231 4.03 0.88
289 2.4 1.38
95 0.18 3.96
137 4.17 0.24
304 2.16 1.29
380 1.94 2.45
20 3.67 0.28
250 3.82 1.79
329 1.42 3.57
191 3.93 4.01
165 1.12 0.82
57 2.42 2.65
435 4.19 0.46
104 0.14 3.38
12 3.59 0.42
351 4.4 2.88
90 3.78 3.99
274 3.83 0.43
337 2.93 2.14
238 1.4 3.27
318 2.14 2.53
163 3.22 3.51
244 3.97 3.21
267 3.2 4.45
302 2.6 2.26
299 0.72 3.76
155 3.42 0.57
426 1.08 2.91
75 2.01 3.82
210 0.59 3.72
334 1.24 1.08
169 2.04 0.52
182 2.08 1.74
40 2.55 3.73
258 1.55 3.31
13 1.81 0.35
422 1.48 0.03
452 1.75 3.56
375 0.3 3.91
269 1.09 1.16
248 2.52 1.84
415 0.26 0.18
356 1.98 1.37
114 2.9 1.64
275 3.5 4.3
401 1.7 1.14
146 2.24 1.89
365 1.74 4.16
156 1.01 3.03
190 3.66 2.03
370 0.19 0.58
416 1.85 2.34
105 2.37 0.8
305 0.77 3.46
161 0.17 1.88
229 0.08 1.66
141 0.37 1.59
265 0.01 2.6
432 3.27 0.45
355 4.05 2.12
211 4.33 3.02
306 2.62 2.84
264 0.99 4.27
247 3.72 4.12
194 3.49 3.22
232 1.26 4.52
358 1.22 3.44
344 3.76 4.05
172 0.75 2.92
154 1.3 1.46
153 3.84 2.04
205 0.82 2.11
372 0.54 0.99
387 3.53 1.57
217 1.38 0.32
310 4.25 2.0
178 2.77 0.04
47 1.79 1.62
214 2.25 3.41
449 1.95 0.44
35 3.44 3.95
323 1.83 3.0
97 2.33 1.71
23 0.8 1.98
377 2.31 1.45
1 0.49 2.13
427 0.98 0.47
167 2.91 0.91
437 1.44 2.97
3 1.2 0.1
112 0.35 4.1
295 1.46 4.29
425 4.24 3.62
181 1.33 3.43
350 2.19 3.08
116 0.44 4.2
125 0.32 3.64
166 3.95 3.86
199 0.2 1.34
444 4.37 3.94
223 2.39 2.28
442 0.65 2.46
287 0.69 4.14
19 2.56 2.37
253 3.26 3.88
385 3.05 2.79
414 2.41 2.81
164 2.61 0.89
92 3.04 1.5
392 1.72 3.1
378 3.19 0.73
359 3.06 3.67
115 3.55 1.65
301 2.0 1.06
187 3.63 4.15
111 0.52 0.97
371 3.15 2.87
173 3.89 0.49
55 0.84 2.05
71 0.48 3.47
41 0.27 2.85
312 1.31 2.49
303 2.74 0.7
406 0.89 3.66
330 4.48 4.26
379 3.99 1.27
201 1.53 0.92
127 1.76 3.29
15 0.94 1.54
120 3.9 1.12
78 1.57 1.86
160 4.39 1.28
237 3.52 1.76
440 2.97 3.97
352 0.61 3.23
233 3.91 3.78
445 0.45 2.25
