148
83 3.41 4.63
71 4.56 0.05
107 0.44 4.58
124 0.07 3.11
8 4.69 1.89
130 0.49 0.21
103 3.26 3.8
18 0.92 2.57
17 3.83 0.42
127 4.68 3.08
23 2.32 0.6
142 4.71 1.18
119 3.85 1.65
25 1.97 1.46
30 5.08 4.6
147 5.13 2.73
69 0.95 2.59
145 1.91 0.5
82 3.71 0.74
35 2.4 0.1
48 4.1 0.81
27 4.52 4.31
44 3.96 4.14
110 1.34 0.31
86 0.27 1.5
56 4.92 1.29
2 3.0 3.06
77 2.5 0.66
144 2.96 2.39
99 5.09 0.56
70 2.92 3.74
100 3.43 3.41
4 2.54 2.58
61 5.25 3.99
87 0.88 2.37
146 1.64 4.04
41 1.85 0.47
132 2.49 3.61
19 2.25 1.75
10 2.63 3.04
42 5.37 2.0
136 2.17 3.46
31 4.31 4.4
105 3.29 2.23
92 3.77 4.41
58 3.46 0.19
68 3.27 1.36
64 3.17 0.61
28 0.39 2.05
34 1.95 3.4
20 3.03 0.12
53 1.76 2.89
140 1.57 0.41
45 3.88 1.86
72 4.72 0.67
24 1.09 1.4
12 2.33 3.55
11 4.13 4.39
122 4.83 4.01
6 3.28 1.12
55 1.86 3.79
33 4.88 4.37
113 2.13 2.41
85 4.65 4.68
109 1.08 1.85
134 3.22 0.55
66 2.2 1.76
114 1.4 0.4
1 5.34 4.1
52 4.4 2.43
126 1.8 1.88
32 3.7 4.54
54 0.18 1.07
112 2.64 1.43
128 2.99 1.67
46 4.86 1.71
57 3.52 4.66
133 1.17 4.33
78 3.24 3.6
39 0.02 4.29
101 5.01 3.73
60 3.79 3.86
111 0.04 3.03
138 4.91 3.23
91 0.23 0.25
97 0.37 4.38
29 0.86 3.9
59 1.12 2.82
3 2.8 4.13
51 0.66 3.12
50 0.2 0.94
98 2.71 2.38
14 1.79 0.53
81 0.97 3.33
16 0.55 1.54
75 0.77 1.0
135 1.13 4.32
7 0.94 0.13
36 1.88 4.05
74 4.73 2.93
76 3.1 3.26
38 4.05 1.27
115 2.28 0.73
43 2.74 0.72
90 2.43 4.44
21 0.58 2.47
94 2.85 1.87
106 3.69 3.21
73 3.74 1.03
143 0.12 3.87
137 0.1 1.72
104 3.75 1.09
13 4.9 2.07
125 1.05 4.21
141 1.94 1.52
65 5.11 2.32
93 1.71 1.81
67 4.58 3.82
120 2.9 0.01
47 2.65 0.29
84 3.98 1.24
5 3.33 2.63
62 0.59 3.51
88 1.42 1.06
116 4.08 2.22
108 0.83 3.47
123 5.12 0.48
102 3.16 2.98
49 4.49 1.44
96 4.23 3.14
121 0.75 4.08
22 2.73 1.66
26 2.03 1.08
15 3.39 3.35
117 3.65 2.6
89 4.74 0.78
80 3.45 1.7
148 0.98 1.21
95 3.36 0.91
40 3.4 0.75
139 5.22 0.62
118 0.28 1.82
129 4.22 3.02
79 1.87 1.79
131 1.26 2.66
37 1.74 0.95
9 3.51 4.59
63 3.9 2.76
