359
62 4.32 0.35
287 5.99 1.39
181 2.71 0.04
316 4.56 0.06
333 0.4 0.52
308 2.39 1.41
295 1.38 1.26
9 5.66 0.55
329 7.2 2.22
303 4.78 0.34
228 4.59 2.9
272 5.35 3.48
314 0.02 3.49
294 4.09 0.32
25 0.98 0.33
265 1.81 1.86
324 6.95 1.77
61 4.05 2.59
69 0.65 3.22
191 3.88 1.15
198 0.31 3.25
260 6.31 0.95
268 0.81 1.21
99 3.2 3.28
34 7.32 2.08
203 2.35 0.79
39 0.69 3.09
166 1.69 0.16
247 6.51 2.07
129 3.0 0.96
143 1.09 1.09
239 4.94 0.97
230 4.3 1.0
341 4.99 1.99
54 2.95 2.44
36 1.25 2.67
296 2.9 2.82
187 3.39 3.4
261 5.56 2.61
94 2.68 2.77
332 2.12 2.66
320 1.55 0.45
151 0.99 0.9
253 0.24 2.71
205 4.71 0.22
237 0.36 2.84
213 1.61 2.19
275 1.31 3.12
93 3.09 0.67
11 4.23 2.85
182 0.05 0.94
281 7.02 1.03
101 0.06 0.08
145 5.77 1.93
354 5.28 0.93
160 5.93 2.21
45 5.17 1.51
10 4.43 0.53
88 1.26 2.03
317 1.35 1.47
257 6.15 0.87
144 3.49 0.65
334 6.12 2.98
84 1.65 2.81
32 1.52 0.15
12 4.51 3.2
60 5.61 2.29
83 3.12 1.2
33 4.57 3.32
72 4.8 3.35
16 5.14 0.28
197 2.97 2.86
258 2.06 2.39
159 1.33 2.26
3 6.38 1.87
255 7.42 3.38
56 4.75 1.69
266 5.33 3.57
140 6.02 1.14
229 7.47 0.49
174 7.05 3.06
356 2.08 0.71
192 6.22 2.8
269 6.11 2.45
251 0.16 1.45
188 7.56 1.81
224 6.37 2.89
79 4.72 2.27
118 4.33 2.37
74 5.4 0.57
307 2.89 0.07
22 1.84 0.5
186 5.38 1.18
183 6.7 2.18
335 6.79 2.53
353 3.01 3.03
175 0.03 3.31
138 7.4 1.57
135 1.17 3.16
124 5.34 1.82
136 0.66 3.29
297 1.66 1.36
179 4.07 2.41
206 4.5 1.56
221 6.01 2.23
73 3.96 2.95
222 4.31 1.94
193 3.07 3.43
234 5.92 0.23
280 5.64 2.96
325 7.29 1.7
64 6.33 2.06
157 4.77 0.92
110 4.08 1.62
204 6.5 2.93
55 1.73 2.65
284 3.14 0.72
113 3.78 1.38
161 5.04 0.13
107 1.04 2.92
235 3.64 2.69
201 0.97 0.29
194 7.24 2.73
312 5.22 0.31
87 1.32 3.04
105 5.62 1.97
305 5.11 3.34
146 0.46 2.47
8 0.22 0.39
180 6.39 3.24
52 4.42 2.52
245 0.17 1.06
348 2.59 1.31
30 3.46 2.36
189 2.22 1.43
75 1.85 3.45
172 6.26 1.95
92 2.67 2.76
199 5.02 0.66
63 4.49 1.29
293 1.23 0.03
77 7.41 1.3
117 2.41 0.7
167 0.1 1.92
7 6.94 2.55
248 1.64 1.07
347 7.45 0.8
236 5.78 2.32
96 1.74 1.71
288 2.24 2.57
133 0.26 0.99
196 0.34 0.1
190 0.77 1.52
42 4.27 0.63
70 4.39 0.05
156 2.48 0.44
41 4.82 2.25
44 7.38 1.98
134 2.49 3.07
15 1.37 3.17
323 6.49 0.4
238 4.36 2.34
26 2.29 1.05
343 3.57 0.91
259 0.6 1.32
276 5.46 1.22
246 6.82 1.79
80 1.82 2.88
19 6.09 0.09
20 6.06 1.42
91 1.21 0.43
29 4.35 0.76
109 2.85 2.87
119 2.76 0.11
142 4.93 0.98
127 2.77 0.01
227 6.45 3.55
114 2.18 1.49
23 5.5 2.09
331 6.54 3.13
340 5.94 1.1
98 2.92 2.99
17 2.32 2.11
278 0.93 3.59
301 7.44 3.5
24 4.63 3.27
47 7.19 2.42
267 2.6 2.5
123 5.81 2.01
173 5.76 2.6
121 6.56 2.54
319 0.37 1.83
220 4.83 2.91
342 0.12 1.74
86 3.63 1.24
125 1.88 2.13
254 1.03 2.46
106 1.79 1.17
176 2.16 2.0
27 2.19 2.63
2 1.41 0.36
1 1.59 3.39
139 0.51 2.74
306 1.7 3.52
155 0.48 2.16
31 0.2 3.19
103 5.13 1.89
279 5.12 2.35
21 1.47 2.68
252 3.53 2.94
241 4.98 0.73
43 3.06 1.55
195 2.17 3.23
115 2.83 0.18
300 1.94 0.88
330 4.76 1.65
126 5.72 0.78
290 3.74 1.25
177 2.56 3.33
326 3.22 3.02
102 1.96 0.77
211 5.1 1.84
170 2.1 0.14
315 3.9 3.47
50 5.15 0.82
357 6.42 2.62
212 5.65 0.19
152 1.71 1.35
327 5.21 1.37
285 0.15 1.23
218 2.04 3.37
68 0.45 3.01
225 2.43 2.75
349 3.21 1.33
243 3.24 0.47
231 0.85 1.85
6 5.55 0.59
200 6.07 2.33
336 0.01 1.91
289 5.6 1.11
346 3.58 0.51
28 5.36 2.58
270 7.5 0.62
147 5.03 0.02
185 7.15 3.18
164 2.53 3.44
337 0.21 0.81
202 6.69 3.14
49 1.28 2.24
104 2.46 0.42
71 5.2 2.38
81 2.09 1.96
137 0.73 0.41
232 5.86 0.26
262 1.12 2.43
97 1.51 1.4
59 0.53 0.27
122 5.3 1.68
318 2.58 0.61
153 5.29 1.61
271 6.0 0.21
78 6.63 3.15
313 6.81 1.88
35 4.52 1.04
162 1.46 3.0
292 5.95 0.54
150 6.2 3.42
141 6.91 3.54
90 2.55 1.54
158 6.92 0.56
339 6.71 1.13
171 6.83 0.2
273 3.23 2.78
67 0.13 2.72
291 6.53 3.58
286 5.59 2.12
310 3.89 1.27
214 6.66 1.46
321 1.89 2.7
58 4.04 2.31
352 0.04 2.3
304 0.49 1.8
208 5.07 2.05
89 3.29 3.46
344 2.94 0.12
309 0.76 1.67
355 6.28 2.1
85 0.63 3.05
282 3.79 2.02
130 0.41 0.17
226 6.68 2.83
207 2.84 3.51
274 3.54 3.3
76 0.95 0.64
112 0.86 1.78
132 6.61 2.56
184 2.96 1.19
53 0.39 1.58
263 3.26 1.28
277 1.76 1.6
116 4.81 1.16
131 1.45 0.74
14 2.01 3.41
359 3.19 1.02
250 0.67 3.08
13 1.01 0.37
95 0.28 2.17
111 2.5 1.44
38 6.47 2.15
256 4.1 0.24
358 2.61 2.51
46 7.48 2.04
108 2.2 2.4
18 2.64 2.28
48 1.0 0.6
40 3.87 1.59
154 2.44 1.63
298 5.25 2.49
209 7.52 2.14
178 7.11 0.3
283 5.71 1.9
233 4.88 2.79
210 3.76 0.69
120 3.35 0.86
302 4.17 0.38
223 7.18 1.34
264 1.87 3.36
216 7.33 0.46
57 4.29 0.48
311 2.63 2.97
338 6.19 0.84
240 6.16 0.85
249 3.15 3.1
148 6.32 1.08
345 3.38 3.53
169 4.2 1.01
242 7.14 0.89
4 4.97 1.53
351 0.64 1.76
128 1.97 1.66
5 4.92 2.64
350 5.37 1.75
328 1.44 0.25
51 6.85 3.21
65 7.49 2.2
299 1.06 1.48
163 7.13 0.68
217 1.36 2.48
168 3.02 1.73
244 0.08 0.83
165 7.27 0.75
37 4.54 1.5
215 4.58 1.64
100 1.3 3.11
149 5.58 1.72
219 1.68 0.58
322 4.79 3.56
66 0.18 1.12
82 5.68 3.26
