467
453 0.83 5.82
440 2.53 6.76
13 0.24 6.24
153 4.57 1.29
229 3.35 2.1
295 0.55 0.6
377 5.12 3.79
298 2.45 1.96
464 1.19 0.44
424 2.79 0.98
425 1.61 7.83
164 2.13 1.17
99 2.68 2.04
327 1.55 3.23
242 4.74 1.23
305 2.1 1.82
22 3.32 6.61
252 3.5 9.05
347 3.01 5.93
95 3.61 6.25
260 1.37 4.76
11 1.59 9.79
179 1.45 1.88
107 3.13 4.43
438 0.03 1.11
214 2.28 1.56
334 2.56 1.84
4 1.68 8.99
384 0.73 5.47
398 1.51 0.39
83 0.77 4.35
14 4.12 0.9
237 2.37 5.85
288 0.98 4.31
433 0.63 8.66
364 2.59 8.26
116 4.35 7.96
9 0.8 0.54
285 0.37 5.22
185 0.07 6.15
241 3.79 8.11
397 1.13 4.71
38 1.12 3.7
211 0.53 7.94
331 0.39 6.95
341 2.87 8.28
209 2.71 2.92
10 3.78 3.1
439 4.84 2.68
176 0.92 3.29
454 2.69 4.73
224 4.56 9.75
317 1.24 9.03
426 1.99 7.41
391 1.82 5.65
466 3.47 1.87
21 2.02 7.98
129 3.84 8.98
55 4.58 8.85
212 3.59 7.75
257 1.64 0.64
329 3.26 3.38
273 3.43 1.28
400 0.87 0.49
216 3.39 1.83
336 2.24 6.72
355 3.62 1.66
94 4.97 6.89
151 3.19 9.56
245 2.58 4.87
346 1.1 7.85
124 2.61 6.7
113 4.23 2.98
307 0.34 3.41
309 2.65 8.72
314 2.33 2.47
444 1.31 6.3
405 5.13 8.89
357 1.81 7.86
46 4.94 1.21
392 2.05 7.33
420 4.0 7.4
338 1.67 9.21
78 2.98 2.72
111 4.47 1.35
41 2.31 8.04
413 2.76 1.33
133 0.79 0.25
193 1.36 0.81
349 3.31 1.63
321 5.04 5.13
125 3.37 0.26
461 2.82 7.39
348 3.07 9.38
138 3.42 7.54
300 0.67 9.68
69 1.15 3.65
17 0.82 3.07
403 4.71 0.46
20 1.44 7.45
396 2.8 8.3
39 4.79 0.03
323 2.35 7.35
449 3.06 2.76
114 4.05 4.84
86 0.06 4.33
161 4.63 5.77
207 2.18 3.92
37 2.0 7.0
407 1.98 4.69
33 1.93 0.7
380 0.61 1.99
142 3.56 3.69
115 1.38 7.25
43 2.23 7.15
304 2.99 2.09
296 3.02 5.62
81 5.0 4.72
244 3.11 5.52
208 4.15 3.15
131 3.09 5.1
89 0.35 4.97
422 1.91 2.18
381 3.98 3.35
230 0.16 8.54
302 0.97 0.72
165 1.47 5.24
223 3.25 7.73
262 3.51 6.1
122 3.44 0.83
7 4.31 3.9
202 2.5 3.11
175 2.32 6.03
227 3.2 4.41
258 2.57 1.71
293 0.45 8.1
441 3.82 2.16
374 1.18 3.74
303 1.6 2.34
166 1.42 5.31
450 0.57 7.53
150 3.88 9.09
393 4.9 5.44
169 3.14 6.57
255 1.53 6.14
68 3.75 5.59
159 2.55 5.83
58 0.11 6.8
154 4.38 5.73
284 0.62 8.94
274 3.67 6.52
93 1.71 9.28
370 2.2 1.1
92 3.68 1.69
378 0.17 5.33
308 4.82 4.85
51 2.66 4.54
356 2.27 4.92
2 4.7 0.33
64 4.55 2.65
352 3.1 0.5
292 1.95 5.87
233 3.64 4.03
399 3.89 3.58
367 0.47 3.21
395 3.53 2.49
234 2.38 8.12
281 1.28 5.43
253 1.41 2.58
435 0.3 9.32
368 0.05 7.48
463 4.92 1.89
232 3.72 7.74
254 2.84 7.3
239 3.41 7.68
387 1.76 7.9
104 2.14 4.5
457 0.48 3.66
149 2.62 8.48
451 1.86 4.29
61 3.05 4.51
330 0.52 1.07
250 3.52 6.68
359 2.21 4.59
152 1.49 5.17
263 1.34 8.64
192 4.24 7.16
110 3.87 3.16
47 3.34 8.51
430 1.25 3.42
82 3.86 5.14
45 0.88 4.19
416 0.75 9.48
277 0.15 3.39
287 2.94 1.61
183 1.03 8.5
276 3.95 3.99
59 1.63 5.02
186 3.54 9.22
243 1.39 3.45
383 0.58 1.03
85 0.7 7.51
53 3.27 2.39
361 3.46 3.88
127 0.68 4.82
354 2.72 2.99
270 4.08 5.16
342 1.97 9.66
219 0.69 2.38
394 2.3 3.44
337 1.48 9.16
177 3.91 1.39
181 1.0 5.99
97 0.23 9.25
222 3.04 6.55
173 3.99 5.45
316 3.69 0.99
363 4.59 5.37
210 2.6 7.89
178 4.49 0.21
443 1.21 2.5
362 1.43 3.75
315 1.74 8.83
172 0.21 2.13
412 4.68 5.36
272 0.99 8.62
436 2.54 6.37
371 4.64 2.46
417 3.4 0.12
448 4.6 0.75
88 5.09 4.62
452 1.9 6.16
312 1.96 4.21
62 4.07 0.4
256 4.27 9.43
50 3.57 8.57
286 1.46 3.22
301 0.74 0.31
79 4.87 7.49
280 4.72 7.7
105 1.23 6.38
106 4.5 3.49
458 4.44 0.13
19 2.96 1.91
366 1.77 7.69
121 1.52 2.05
375 2.03 4.89
120 0.09 7.62
128 4.67 4.57
40 2.92 6.0
264 5.1 0.05
446 2.16 5.9
155 3.45 8.55
5 0.64 9.58
63 5.14 2.28
351 1.16 6.06
379 4.41 5.38
282 2.7 2.51
182 1.8 8.27
24 5.05 1.75
80 3.21 2.62
162 0.25 9.63
231 2.17 4.04
119 4.03 2.53
442 1.84 8.75
456 1.2 2.67
265 4.93 3.85
275 2.77 9.29
390 1.4 9.01
343 4.28 1.34
328 3.71 4.81
431 4.36 4.24
228 2.64 0.3
279 4.73 4.13
376 2.47 2.26
91 0.6 3.34
326 2.19 3.26
289 0.46 1.0
409 2.91 0.35
340 2.29 7.06
135 0.91 6.02
84 0.32 1.14
389 4.4 6.84
467 4.43 2.52
353 4.88 8.2
167 4.85 1.55
358 3.65 9.24
27 1.11 2.82
136 4.2 8.06
12 0.02 6.88
48 0.08 8.47
261 3.17 4.48
3 2.95 0.48
184 0.5 4.74
56 2.42 0.41
345 3.24 3.8
35 3.92 8.18
148 2.85 1.95
462 3.93 3.08
206 2.48 8.41
76 3.23 0.96
335 4.04 3.32
6 3.22 3.2
447 3.38 0.34
421 3.8 0.55
199 4.19 5.72
141 3.9 5.92
98 4.1 1.44
180 0.27 0.09
410 4.86 7.8
339 2.93 2.85
130 2.9 8.29
319 4.8 7.2
25 4.95 8.23
198 3.77 0.66
225 4.96 5.34
373 3.48 3.03
404 1.62 1.45
365 3.96 4.77
101 0.86 9.47
156 2.83 0.69
344 0.56 4.55
196 4.37 7.87
117 4.61 8.14
235 1.27 9.74
90 4.02 1.31
218 1.56 8.71
158 2.49 8.92
269 0.49 9.18
205 2.67 7.58
132 3.85 8.44
294 4.66 2.95
201 4.45 8.34
320 2.86 4.46
100 2.07 8.4
414 3.16 8.79
70 4.21 2.31
423 4.01 8.31
419 5.01 4.45
411 5.08 9.49
195 0.29 5.5
163 2.88 6.41
268 2.75 3.64
109 1.73 7.1
310 4.06 0.1
67 3.03 6.5
190 4.89 9.52
23 0.51 6.27
188 0.96 3.96
418 2.09 9.69
386 2.41 6.81
215 3.12 0.08
29 5.06 4.1
291 1.26 6.53
401 0.19 3.83
15 1.94 9.51
460 1.7 2.93
71 1.09 7.19
313 0.2 3.27
112 0.94 4.79
143 4.39 0.23
103 4.32 1.18
213 1.87 6.28
1 1.01 6.74
200 4.99 2.86
220 3.29 0.95
297 2.89 3.73
251 1.57 4.06
75 3.18 7.99
236 2.11 3.67
108 0.76 5.75
96 4.33 3.55
432 3.0 1.54
160 1.88 3.14
30 4.18 6.58
57 2.08 7.34
465 1.83 5.81
221 4.76 6.87
145 0.12 2.37
203 4.09 5.09
170 3.94 5.96
455 4.29 0.43
44 0.28 0.38
28 4.77 2.06
267 2.43 3.5
372 3.74 7.92
283 0.43 8.02
402 5.11 0.07
123 4.14 3.98
77 2.22 2.73
42 1.32 8.6
16 0.78 7.52
34 1.3 2.7
157 2.39 0.62
332 0.9 9.27
65 0.14 6.31
137 2.36 6.23
168 0.13 4.42
31 3.81 6.9
324 4.51 5.68
325 4.53 5.6
139 1.04 5.19
382 0.89 0.18
134 4.98 7.27
248 1.33 1.02
32 1.75 3.33
140 4.52 3.25
385 2.81 8.24
333 2.26 9.73
415 0.42 5.39
189 4.54 2.25
278 4.17 0.2
18 0.1 6.07
350 0.4 1.43
174 1.14 3.13
74 1.78 8.84
271 4.65 6.77
445 2.04 6.66
171 1.06 8.43
72 4.69 1.12
437 0.85 6.82
26 4.62 9.02
434 0.93 5.18
322 1.07 5.46
191 1.92 4.6
217 0.41 7.95
226 0.66 2.6
102 1.05 0.84
249 3.3 5.3
429 0.72 3.97
194 4.46 0.01
388 4.75 5.2
259 0.71 9.37
428 3.15 4.49
118 1.79 1.9
87 2.74 4.05
427 3.97 9.81
60 1.69 7.93
204 1.65 6.43
147 2.34 4.17
197 3.33 2.14
318 5.03 9.8
126 3.28 2.36
73 2.51 9.06
299 0.33 5.56
146 1.58 6.33
52 5.02 8.97
36 4.25 3.87
54 4.34 6.67
360 2.12 4.26
406 1.22 0.36
247 2.01 2.24
66 1.02 5.58
144 1.08 5.42
408 3.73 2.84
187 1.85 4.09
459 4.91 5.98
8 3.49 6.83
246 4.48 3.01
266 3.63 3.05
311 0.22 1.6
290 3.58 1.7
306 0.65 4.64
369 4.22 6.65
238 0.38 0.79
49 3.6 2.3
240 3.76 9.11
