142
35 2.31 0.61
92 1.3 2.22
62 3.86 3.17
81 1.44 0.81
5 2.04 0.28
107 4.01 3.27
93 0.39 0.06
43 0.51 2.62
122 3.2 2.7
7 1.45 1.56
28 2.97 2.47
102 0.77 2.3
138 2.9 1.07
3 0.25 1.73
36 2.53 2.83
42 1.55 0.67
6 1.72 2.43
76 2.61 2.14
113 0.38 1.09
45 0.32 0.15
10 1.4 2.99
17 0.28 1.0
103 3.36 2.2
73 1.94 2.94
91 3.75 2.65
46 1.14 1.65
22 0.86 0.21
89 3.91 0.39
55 3.69 2.12
109 0.53 1.39
18 1.1 1.88
31 1.32 1.23
101 2.13 2.92
26 0.31 3.01
133 3.92 2.53
119 0.42 2.52
118 1.13 0.68
121 1.33 0.3
142 2.2 2.97
25 2.73 0.08
125 3.11 2.71
111 0.29 1.31
53 1.86 0.32
19 0.2 1.35
51 2.43 2.48
140 1.17 1.41
67 0.58 1.63
106 2.72 1.13
11 1.99 2.72
124 1.46 1.85
132 0.57 2.29
33 3.58 1.82
95 2.63 2.77
78 1.18 2.9
49 3.1 2.78
135 0.63 1.64
56 4.41 3.11
60 3.34 1.29
90 2.0 1.84
58 2.02 0.18
52 1.35 1.32
64 3.71 1.04
128 2.17 1.33
40 0.11 1.66
83 2.49 0.41
14 0.15 0.75
71 1.07 3.1
112 0.91 2.67
100 4.15 0.59
74 3.8 0.24
84 0.14 1.98
39 4.31 2.39
110 3.83 2.24
20 0.3 2.27
2 1.69 1.45
29 3.04 0.64
116 0.67 2.07
87 0.03 0.45
68 0.21 0.43
115 2.95 2.28
70 2.32 0.99
96 3.54 3.04
131 2.82 2.96
77 1.93 2.68
30 3.63 2.09
82 4.36 0.65
104 2.81 2.11
120 0.94 2.5
44 4.18 0.05
136 2.05 0.17
23 2.62 0.25
123 4.0 3.06
59 0.41 2.49
37 0.34 1.28
126 0.59 1.06
79 1.67 1.18
21 4.03 0.79
32 1.91 0.16
1 2.56 3.07
99 1.89 0.63
85 1.58 2.91
38 2.77 1.25
127 2.66 2.73
15 1.08 0.01
4 3.52 1.16
137 2.57 0.09
13 3.28 1.49
57 2.26 2.26
54 3.85 0.78
9 4.23 1.42
61 2.91 1.99
8 0.35 2.87
105 2.21 1.01
27 0.04 2.84
88 2.78 1.2
134 4.19 1.36
130 4.24 2.95
98 1.97 2.33
66 2.94 0.27
141 4.09 0.38
80 1.53 2.06
65 3.06 2.16
34 0.23 2.46
69 0.76 3.14
47 4.26 1.14
12 4.25 0.1
48 3.29 0.98
86 3.41 1.93
129 0.93 2.41
16 1.78 0.48
108 1.63 0.19
63 4.12 2.01
139 4.34 2.4
94 2.71 0.66
114 1.29 1.94
97 2.52 2.79
24 2.64 1.59
41 3.72 0.93
117 1.05 2.0
72 1.77 1.61
50 0.62 2.93
75 1.74 0.22
