387
314 5.87 3.25
24 9.17 0.86
86 2.1 1.84
147 0.44 0.63
58 1.13 3.92
165 0.11 0.46
323 4.72 2.62
100 2.19 1.01
294 0.87 1.27
177 6.74 2.84
365 8.09 3.55
346 2.33 2.32
371 1.8 5.01
171 7.27 0.23
114 8.3 2.71
219 2.11 0.97
257 2.74 0.45
83 4.71 3.61
49 5.78 2.85
328 5.48 0.68
141 3.44 5.34
50 4.84 4.61
3 4.29 1.39
145 3.21 5.9
1 0.31 3.67
19 6.53 5.13
238 5.19 0.1
172 4.63 0.77
378 4.65 5.08
333 5.67 5.74
103 4.22 0.47
139 9.78 1.64
60 2.13 4.18
309 6.45 1.03
320 3.46 1.25
91 6.43 5.35
192 2.4 3.02
185 1.57 1.37
285 7.57 3.32
351 3.33 2.63
133 3.57 0.87
334 6.34 1.66
169 2.73 5.21
222 0.47 0.95
302 4.35 3.14
117 3.64 0.69
210 5.88 4.66
163 2.79 0.91
70 7.73 0.92
76 9.58 1.77
65 1.66 5.1
273 4.76 4.17
157 3.86 4.41
345 1.62 5.63
178 6.27 5.76
144 0.36 1.75
180 3.29 2.34
153 7.39 0.36
373 0.58 2.37
101 2.75 2.28
73 1.11 0.02
166 0.53 3.71
325 3.95 3.1
317 2.81 4.37
16 7.28 5.25
156 0.25 2.1
276 3.73 5.15
354 1.44 4.03
63 2.14 3.0
248 5.45 0.21
349 6.29 1.41
173 4.7 3.5
385 5.2 3.97
350 5.54 4.36
12 7.04 3.54
11 0.7 0.96
146 2.64 2.77
44 4.05 4.71
209 2.05 5.28
291 2.3 4.46
355 9.11 4.85
340 4.83 2.25
69 1.93 4.0
161 9.94 5.0
102 3.19 2.94
45 3.58 1.46
379 1.51 2.45
28 3.55 5.71
304 4.92 5.55
128 9.23 4.6
78 4.55 4.38
225 6.47 2.53
281 4.74 2.29
150 7.06 1.14
55 4.82 1.13
140 5.14 2.76
270 7.21 2.01
319 8.55 2.5
329 1.3 1.89
152 4.94 2.47
372 1.89 3.41
64 1.22 0.08
126 5.99 3.48
242 1.92 3.15
216 9.48 4.09
377 2.51 4.4
162 4.4 5.64
29 4.59 4.2
358 2.29 5.77
33 5.6 3.21
130 6.69 4.65
84 7.02 2.09
148 6.67 1.5
61 5.46 0.04
227 1.52 0.88
353 6.85 1.43
164 6.58 5.43
182 4.41 0.41
121 5.93 0.78
251 8.53 2.08
292 0.91 5.22
324 6.88 1.45
179 0.78 5.26
31 0.82 1.18
343 2.57 5.27
335 7.14 0.61
274 5.96 4.42
35 2.66 4.69
366 4.15 3.53
330 4.21 5.68
195 6.65 0.3
203 5.21 1.95
38 1.88 0.79
175 7.78 0.38
136 2.7 0.65
375 1.65 2.65
269 6.16 5.88
77 4.04 1.99
27 4.93 2.18
47 4.23 5.5
380 0.79 4.21
52 2.34 5.31
18 7.01 5.79
223 3.88 5.51
344 9.25 0.12
259 6.07 0.03
15 8.46 2.93
89 8.35 2.51
252 0.81 3.72
13 6.56 2.55
356 0.01 4.91
30 0.67 2.98
384 9.43 4.59
137 0.32 1.44
116 1.58 5.83
318 8.54 4.23
155 2.25 1.4
187 7.68 0.58
260 9.02 0.6
138 1.14 5.66
199 5.76 0.44
279 5.51 1.28
34 1.08 3.34
307 4.51 5.02
236 6.86 5.61
347 8.24 2.74
226 3.6 5.4
184 9.05 1.09
94 6.63 1.31
67 1.6 3.7
197 6.38 1.74
2 1.16 4.27
212 3.41 5.54
119 1.37 3.43
245 3.39 4.34
295 7.6 4.79
98 5.04 1.17
229 3.23 3.31
280 8.33 3.29
254 9.38 4.08
361 5.12 1.47
7 5.23 3.49
234 8.07 1.82
154 1.25 5.85
243 7.95 1.88
287 8.9 1.96
201 9.46 3.93
249 0.97 4.07
68 4.18 3.87
348 6.0 5.45
265 7.35 2.26
80 1.21 5.2
386 8.61 1.6
282 5.05 5.75
339 1.12 4.83
381 0.19 4.43
92 7.16 5.65
207 3.65 2.61
262 7.46 1.52
93 1.71 1.32
247 2.35 2.38
217 5.84 3.42
56 8.29 3.11
316 0.39 2.15
106 1.33 1.65
266 1.75 1.61
321 9.59 1.8
87 0.24 3.39
205 0.84 4.95
4 5.75 1.02
6 9.55 3.91
5 2.53 2.59
313 1.03 2.96
220 2.97 5.44
221 9.35 1.19
40 1.42 4.22
364 7.23 2.7
298 1.34 3.4
168 1.0 2.07
258 0.3 0.83
206 7.82 2.6
286 5.03 4.48
204 7.32 1.62
97 1.7 0.94
41 2.63 2.21
82 9.57 2.52
160 3.72 1.69
25 7.99 4.45
108 6.09 2.72
71 9.42 4.57
167 4.86 4.89
289 9.67 3.22
272 9.3 3.65
188 8.12 3.85
215 1.85 1.48
278 2.94 5.57
264 3.84 5.32
131 0.54 0.24
79 3.9 4.7
134 6.62 4.25
303 8.41 2.83
14 5.26 2.95
23 5.62 2.8
308 5.64 2.82
357 9.26 2.89
72 5.68 2.58
255 5.3 1.93
112 2.12 0.35
312 3.0 1.68
81 1.5 0.55
374 8.62 5.29
284 7.38 5.03
193 1.28 2.68
244 0.55 3.81
198 6.02 4.35
99 2.85 4.8
228 4.31 1.1
149 8.03 0.67
194 3.1 4.62
253 8.85 1.07
42 1.86 2.02
331 0.13 2.43
75 6.9 4.26
96 8.59 4.87
74 0.51 4.86
176 6.28 4.31
246 0.5 0.89
118 8.94 4.12
311 9.39 3.78
174 5.77 3.52
235 7.42 0.31
142 0.37 2.49
352 1.15 3.06
368 5.36 1.35
120 6.57 2.04
111 6.79 4.01
256 3.22 2.3
237 6.98 3.8
239 6.42 0.52
57 2.15 3.47
132 5.49 5.16
297 1.17 4.76
267 8.98 5.05
271 0.05 0.8
288 9.75 2.33
32 9.54 1.0
268 2.44 4.72
190 3.43 5.3
127 4.48 4.44
240 7.8 2.66
122 8.75 2.41
224 6.82 1.56
376 4.87 1.42
115 8.28 0.19
181 2.95 5.82
37 5.71 1.21
51 9.84 2.48
95 1.77 5.17
104 7.79 0.13
327 6.21 4.64
189 1.31 2.9
159 0.95 4.93
218 5.32 3.99
109 5.43 0.2
301 4.07 2.46
211 1.87 0.26
275 3.14 3.46
170 4.44 2.35
54 7.2 0.4
90 8.02 2.39
290 4.95 4.99
263 7.53 1.08
387 4.98 1.63
8 9.47 3.51
300 7.12 0.72
283 1.68 1.33
48 6.48 2.0
36 8.26 4.49
231 4.58 3.35
202 0.64 3.36
299 3.51 1.87
113 4.67 0.64
9 7.76 0.59
125 2.77 3.89
124 6.72 0.29
196 7.03 4.05
233 6.6 0.76
359 2.42 1.58
39 4.46 4.32
20 2.5 4.98
306 7.86 3.04
158 1.56 1.83
326 8.78 3.75
363 8.84 3.17
46 7.54 5.11
26 9.49 5.73
250 2.93 5.89
367 1.63 1.54
241 7.44 1.57
213 8.82 4.74
310 2.9 5.52
341 7.72 0.48
129 9.87 5.53
369 1.73 5.87
277 1.83 3.23
342 2.31 2.27
17 0.23 2.81
107 3.68 5.23
305 9.44 1.79
135 4.11 4.54
214 5.15 1.34
362 9.12 5.86
296 1.35 3.44
332 3.52 1.22
143 8.76 5.58
88 1.32 0.22
261 3.98 0.07
105 2.58 2.2
151 2.61 2.97
383 5.11 4.84
322 0.15 5.69
53 5.9 3.56
85 1.26 1.49
43 7.41 0.34
338 7.43 0.74
66 4.33 1.76
230 0.09 2.56
123 2.89 4.04
360 6.55 2.16
370 5.47 3.88
191 1.19 0.42
62 9.89 5.06
183 9.16 1.72
200 2.04 3.86
186 7.34 2.42
59 2.21 3.82
21 8.74 3.73
337 9.71 0.37
336 8.16 1.38
22 6.32 5.56
10 8.72 2.05
110 1.96 1.55
208 6.25 4.02
382 1.54 3.9
232 1.24 3.96
315 4.5 1.85
293 4.75 5.67
