255
171 0.03 1.7
134 0.24 0.49
177 1.58 0.47
59 2.16 0.33
118 2.22 1.11
113 1.61 2.28
39 0.06 0.82
49 1.02 2.25
22 2.45 0.63
7 0.52 0.19
107 0.62 0.67
65 0.17 1.76
72 2.11 1.46
232 0.39 0.13
147 1.79 0.81
52 0.85 1.54
174 2.53 1.03
238 2.41 0.4
12 1.67 1.44
106 2.05 0.14
127 0.87 0.23
159 0.1 1.37
128 1.11 1.61
158 1.91 1.23
58 1.92 2.37
16 0.25 0.05
35 0.68 1.39
15 0.99 2.27
160 2.54 1.41
10 0.22 0.04
234 2.08 0.18
130 1.65 2.42
79 0.6 0.64
13 1.42 2.34
115 1.73 1.67
110 2.28 1.38
68 1.18 0.39
173 1.4 2.35
255 0.92 0.42
93 1.12 2.46
189 0.75 0.53
150 0.88 1.82
76 1.77 1.6
224 1.46 1.65
175 2.27 2.01
243 1.05 2.39
172 0.13 1.19
20 2.07 1.89
242 0.63 0.34
29 0.81 1.97
32 2.32 0.17
1 1.87 0.9
36 1.14 2.54
3 1.04 2.5
157 0.01 1.86
227 2.01 0.76
222 0.86 2.23
145 0.93 0.77
143 1.94 1.74
104 1.49 1.28
64 1.23 0.68
120 1.66 1.72
209 0.9 0.27
218 1.98 1.05
164 1.37 1.81
142 0.12 0.3
114 1.85 0.28
252 1.06 2.09
162 0.59 1.69
31 0.69 2.48
51 0.84 1.96
8 1.24 0.75
216 2.19 1.83
136 2.36 1.93
254 0.49 0.31
40 1.56 0.62
220 0.19 1.36
47 2.17 1.57
97 0.46 1.1
236 0.08 1.42
212 1.89 0.48
81 2.42 1.71
197 2.18 1.07
124 0.83 2.1
2 0.37 1.87
91 2.47 1.68
201 0.48 1.21
228 1.03 0.97
188 1.15 0.1
187 0.05 2.51
43 2.04 0.15
156 0.53 0.88
229 1.07 1.45
87 2.43 0.83
42 1.71 2.55
92 1.5 1.3
102 1.45 0.57
211 0.32 0.96
245 2.06 2.36
53 2.33 0.06
75 1.55 1.59
248 1.39 0.87
101 0.57 2.47
184 1.53 0.92
18 0.3 2.44
54 2.26 2.33
61 0.02 0.12
30 0.5 1.4
27 1.54 0.38
186 0.09 0.98
199 0.67 2.05
89 2.49 1.91
163 0.96 0.89
141 1.33 0.78
148 1.38 0.16
203 2.29 2.12
83 1.88 2.52
191 2.38 2.53
129 0.56 2.06
137 0.4 2.3
78 1.34 1.75
121 0.55 1.26
214 2.2 0.56
210 2.39 0.85
149 0.43 0.59
225 2.51 1.18
80 2.4 0.84
247 2.3 2.49
253 0.21 1.12
73 1.1 1.9
207 0.47 1.31
169 0.41 0.71
119 2.15 1.95
67 1.3 1.34
202 1.26 1.43
85 0.11 0.43
37 2.48 2.08
117 2.02 2.26
25 1.74 2.43
24 0.66 1.55
251 2.0 0.73
146 0.07 2.0
208 1.51 1.49
151 0.8 2.04
246 0.36 0.21
23 2.21 1.99
250 1.78 1.56
108 1.6 1.47
44 0.04 2.02
182 0.51 0.99
123 1.95 1.92
161 1.64 0.7
98 0.34 0.02
180 1.72 0.66
131 0.65 0.11
206 0.54 1.02
112 1.01 0.07
230 2.34 1.15
55 0.33 1.24
82 1.97 0.52
135 0.42 1.8
95 2.24 1.5
170 1.13 0.58
94 0.97 0.55
99 1.62 1.22
63 1.83 1.01
144 0.26 0.74
45 0.71 2.31
96 0.31 0.5
14 1.43 0.36
140 1.0 1.64
111 1.76 2.17
241 1.19 1.16
153 1.09 0.22
11 1.8 0.08
109 2.23 0.24
166 2.13 1.27
195 1.69 0.61
57 1.63 2.21
48 2.37 2.22
86 0.61 2.19
56 1.17 1.66
168 0.14 0.37
155 1.29 0.65
5 0.74 2.24
116 2.52 1.63
223 1.47 1.77
181 1.9 2.14
46 0.38 0.69
217 0.27 0.79
60 0.35 2.11
84 1.25 0.95
26 0.2 1.98
21 2.5 0.45
69 0.45 1.09
152 0.76 2.41
249 2.35 0.93
215 2.03 0.25
105 0.15 1.48
205 0.91 1.84
126 0.7 1.0
50 0.94 0.91
34 1.41 1.33
240 1.48 1.04
122 2.55 2.16
139 1.16 0.46
38 0.72 0.26
154 0.89 0.72
165 1.35 2.13
88 0.82 2.38
41 1.82 2.32
204 2.14 1.78
103 1.99 0.03
125 1.31 1.25
194 1.7 2.15
185 0.16 1.17
9 2.12 1.14
71 2.31 0.2
178 2.1 2.29
190 1.27 1.29
138 1.68 1.32
237 1.28 0.6
193 1.22 2.18
62 1.93 1.62
244 0.28 0.8
183 0.64 0.51
226 0.23 0.32
28 1.52 1.79
6 0.58 1.51
221 0.79 0.94
66 2.46 1.13
133 1.75 0.09
74 0.95 2.2
90 1.36 2.07
77 0.29 0.35
17 0.73 2.4
179 1.44 0.01
176 1.96 0.41
200 1.57 1.08
213 0.18 1.94
70 1.32 1.52
231 0.78 1.58
192 0.44 1.85
233 1.2 1.2
219 2.44 0.54
100 1.86 0.44
235 1.84 1.73
196 0.77 0.29
167 1.08 1.53
33 2.25 0.86
132 1.59 1.88
239 1.81 1.06
4 0.98 2.45
198 1.21 1.35
19 2.09 2.03
