272
142 4.95 1.53
97 4.19 0.96
221 1.18 1.69
112 0.52 5.62
94 1.13 3.22
222 3.93 5.63
7 3.16 1.86
19 1.06 4.12
196 0.37 4.78
101 1.75 0.74
82 3.67 3.05
99 3.08 3.55
103 1.89 5.61
50 0.83 1.81
236 4.0 1.08
32 2.14 2.06
139 3.72 2.47
129 4.55 3.68
239 0.8 3.37
26 4.16 0.89
265 0.02 0.19
62 3.91 2.82
268 0.4 3.62
168 3.0 3.35
133 2.35 4.01
18 4.14 4.66
88 3.58 2.67
61 1.85 1.99
109 2.02 3.84
255 2.12 3.47
44 0.32 3.96
261 5.02 1.83
63 2.18 2.83
170 2.64 1.9
210 4.02 0.12
87 2.05 4.13
77 0.29 6.13
209 3.4 2.97
27 1.38 0.11
68 0.38 4.34
54 1.95 3.51
40 1.86 1.14
158 0.08 2.51
24 0.59 4.76
157 3.57 4.85
56 0.35 5.94
14 4.04 6.15
264 0.57 1.27
203 3.42 0.07
257 1.78 2.95
140 1.84 5.76
163 1.96 1.26
13 3.83 3.73
211 1.44 4.37
37 1.41 2.65
271 0.03 2.28
108 4.81 3.8
251 3.71 3.36
189 1.04 2.14
232 1.8 5.02
181 3.97 0.79
205 3.46 0.81
144 0.91 2.76
137 3.35 2.93
9 2.13 3.75
65 0.74 4.36
83 1.74 4.32
125 3.64 4.65
100 2.7 1.33
238 4.78 4.27
254 4.8 2.48
89 1.29 5.95
49 4.73 0.3
126 2.54 3.11
138 4.25 3.69
115 4.72 1.17
171 3.28 5.23
16 0.63 0.46
28 0.88 0.92
272 1.22 1.67
197 0.65 3.43
48 3.56 1.21
145 3.73 2.11
215 0.51 1.54
175 3.62 4.52
195 2.38 1.36
132 0.84 2.71
69 4.52 5.72
230 2.34 5.37
31 4.89 3.2
84 4.87 0.08
15 5.07 3.12
162 3.54 5.01
183 3.84 5.21
104 2.49 3.24
93 4.53 1.37
243 0.04 5.28
180 0.25 6.01
166 0.05 2.77
60 2.43 5.69
186 1.4 0.38
229 3.36 4.75
247 3.43 3.03
202 1.58 1.48
234 0.93 5.9
17 1.63 1.29
192 1.98 3.72
35 0.06 4.02
225 1.88 1.64
11 4.97 6.11
58 5.08 0.02
5 1.5 1.02
187 1.99 3.31
267 4.77 4.41
208 4.36 3.14
143 2.91 2.22
199 1.26 0.09
176 1.35 5.17
233 2.22 3.61
198 0.22 4.29
200 2.76 2.1
235 1.02 1.68
45 1.56 4.39
216 3.88 4.62
160 4.2 0.78
131 1.05 2.19
156 4.44 0.01
106 4.21 5.22
155 1.07 0.72
246 0.15 0.93
153 4.4 2.99
182 1.92 5.44
237 1.79 0.47
72 1.81 4.95
174 2.78 4.18
4 1.83 5.29
154 0.07 2.15
29 1.69 4.07
179 4.41 2.45
102 1.37 1.16
240 4.01 3.08
95 2.08 2.89
172 2.09 5.93
47 2.26 5.5
22 1.31 2.46
241 2.8 5.32
159 4.29 1.18
86 0.66 3.01
41 4.79 5.85
141 2.72 4.3
3 4.18 1.46
262 0.98 3.18
110 1.15 3.16
120 5.04 2.56
228 0.26 6.05
242 1.03 4.16
164 0.68 6.17
226 1.11 3.49
149 2.25 1.62
245 1.14 0.55
231 2.11 5.75
244 2.85 5.51
78 3.95 1.78
263 0.56 5.43
256 3.61 5.34
184 2.27 3.56
188 0.28 2.66
10 3.05 4.9
46 0.77 5.42
76 2.07 3.92
71 4.59 3.45
161 2.93 5.54
266 0.53 2.17
201 1.94 5.6
260 3.03 4.7
270 2.87 5.7
148 4.08 3.97
73 1.3 2.52
79 1.42 3.41
248 3.11 4.59
152 2.79 0.66
57 4.13 4.43
151 1.57 3.78
218 4.35 1.98
134 3.45 0.51
223 1.54 5.77
66 3.09 2.94
2 1.73 4.53
53 5.11 6.08
67 2.03 2.07
21 1.25 3.0
121 2.3 2.68
80 5.05 2.88
70 4.26 4.17
169 3.13 2.26
212 0.64 5.68
105 1.52 5.66
252 4.66 2.05
213 0.99 4.69
204 2.9 4.24
227 4.28 1.74
51 2.53 2.86
116 5.09 4.82
207 0.94 4.61
167 0.17 3.83
64 1.1 4.74
39 4.27 1.58
178 0.46 0.62
194 3.8 2.78
269 4.23 2.31
117 0.97 3.85
147 2.67 2.54
217 4.57 2.01
123 3.53 5.99
43 0.21 1.72
177 3.81 3.63
127 0.67 2.23
249 3.07 2.91
81 4.64 4.86
59 2.55 6.18
1 4.47 2.79
111 4.93 1.52
165 3.12 2.36
91 1.91 5.96
250 2.15 3.33
25 4.86 5.45
20 4.12 0.31
6 2.16 0.85
119 4.45 1.41
92 0.24 3.54
136 2.98 2.81
23 0.85 1.09
146 1.39 1.77
118 4.75 2.09
98 1.62 1.73
52 5.15 4.88
258 3.31 6.16
130 2.68 0.64
128 0.95 0.22
85 2.81 3.89
8 0.75 0.23
33 3.47 0.16
214 3.69 0.29
193 1.87 2.29
114 2.0 1.56
96 5.12 2.38
90 1.23 0.32
173 4.91 6.12
75 3.79 4.5
124 0.49 3.82
113 3.82 0.35
191 2.44 1.15
150 4.82 4.91
190 1.19 2.04
122 4.22 2.49
34 3.6 3.09
38 3.22 3.99
135 4.67 4.11
185 1.46 2.44
30 2.86 0.1
107 2.23 5.81
36 0.16 5.47
219 2.94 0.8
55 0.45 6.14
74 4.39 4.25
253 0.43 1.88
12 3.75 4.22
259 1.64 1.04
206 1.33 5.92
224 1.47 2.25
220 1.09 2.53
42 1.61 4.99
