249
35 2.66 1.08
38 4.78 2.33
17 2.18 3.25
131 4.26 1.12
48 2.06 3.09
113 0.56 0.61
100 4.15 3.3
119 3.2 4.28
2 1.52 2.24
122 2.58 0.93
134 0.96 1.17
232 3.29 1.78
236 1.08 2.87
10 4.96 1.66
226 0.42 2.59
83 3.74 2.41
181 2.27 3.23
39 2.22 4.39
170 4.23 1.84
46 5.08 1.29
159 3.87 0.17
15 0.12 1.94
82 0.68 1.47
4 0.16 0.55
88 3.37 1.11
189 0.55 0.01
147 0.23 2.18
203 4.76 1.0
138 3.39 3.06
120 0.99 3.65
176 0.34 1.27
183 5.0 3.55
69 3.9 0.05
85 2.23 2.7
184 1.85 1.73
14 1.27 3.28
220 1.09 3.89
146 2.7 3.84
234 2.12 0.12
30 0.41 0.47
54 4.32 2.79
49 4.8 3.29
158 3.25 1.21
223 0.57 3.43
73 1.11 2.49
124 1.66 2.99
75 4.56 3.37
135 3.17 3.8
210 4.35 0.64
126 0.71 1.56
175 1.92 3.47
152 1.48 1.53
3 3.69 3.9
89 0.91 2.98
57 1.32 3.48
225 0.92 1.95
45 1.54 1.07
19 3.81 1.13
154 1.69 4.32
132 2.04 0.41
118 0.45 2.28
162 4.82 2.39
9 0.35 0.35
7 1.71 3.56
99 0.31 2.5
78 1.78 0.74
11 1.24 0.91
161 2.68 0.53
166 1.05 0.68
167 3.63 4.4
136 4.68 4.02
101 1.79 2.44
187 3.31 0.27
211 3.1 3.5
112 2.79 2.17
58 0.19 1.81
60 3.86 0.07
202 5.11 2.45
77 4.75 1.46
68 1.7 3.44
23 4.97 1.49
66 4.99 0.11
72 1.75 1.82
29 3.16 0.43
140 1.1 2.36
149 4.84 1.7
163 4.53 2.05
233 2.13 2.35
231 3.03 2.16
108 2.48 4.33
145 0.64 1.67
107 3.05 3.31
59 3.24 0.13
110 4.31 3.27
90 2.98 2.53
8 0.9 3.94
121 2.55 2.3
16 0.94 1.57
182 0.67 4.25
141 0.66 2.97
160 0.09 3.04
150 2.34 1.55
242 4.33 2.02
144 0.61 0.58
156 1.12 1.23
51 1.3 3.11
173 2.5 0.99
123 0.59 1.86
212 4.18 0.4
229 5.12 1.64
13 1.93 3.81
157 4.47 0.37
79 0.02 2.71
219 0.54 2.54
204 4.34 2.32
81 0.58 4.06
207 3.48 4.11
215 1.61 3.76
55 3.53 3.07
213 2.84 2.23
244 1.13 2.94
193 2.96 3.26
102 3.44 2.11
25 0.28 2.12
139 2.81 2.91
190 3.72 2.25
115 3.98 1.5
106 3.62 2.15
12 2.89 0.54
80 0.86 1.97
56 0.83 1.25
32 4.91 3.7
47 4.45 0.65
200 0.14 3.83
194 3.71 0.73
164 3.43 3.16
5 2.82 0.87
130 4.54 2.85
76 2.11 1.43
230 1.42 3.39
52 4.28 1.71
249 2.08 3.68
42 4.59 0.36
74 0.78 3.13
171 1.33 0.48
246 4.66 0.39
155 2.29 0.02
185 3.4 2.19
128 2.83 2.47
222 2.78 2.64
180 1.18 1.34
142 1.29 3.08
208 1.86 2.26
43 1.51 2.43
1 2.03 1.39
70 4.5 1.31
33 2.07 4.18
117 5.13 4.12
20 4.58 2.8
95 0.37 2.6
169 0.89 0.8
31 0.76 0.72
96 4.08 1.74
129 4.46 0.52
206 0.2 2.84
34 2.75 2.14
105 1.9 0.03
65 3.19 3.22
245 3.6 4.21
67 4.85 0.63
28 4.79 3.79
237 0.8 1.85
64 1.39 3.67
40 2.47 4.29
103 2.97 0.81
186 2.4 0.06
98 2.33 1.06
192 1.59 1.16
201 4.89 0.14
209 1.63 4.09
104 0.21 3.49
174 2.17 2.0
91 1.21 3.73
137 0.81 2.77
238 2.88 3.93
235 3.89 1.92
127 1.6 1.03
143 1.4 3.17
196 4.39 3.05
224 0.08 2.07
221 0.75 3.12
84 2.92 3.51
86 0.77 0.67
214 0.79 4.26
125 0.88 2.55
188 3.06 1.2
197 2.86 1.28
227 4.25 3.4
247 2.6 1.62
165 4.61 0.9
248 0.29 1.1
177 3.83 2.66
87 0.22 1.88
36 4.24 3.74
198 1.83 4.42
92 2.2 2.95
153 1.96 2.4
114 0.01 2.29
22 2.95 3.42
6 0.04 2.76
228 1.2 1.98
62 1.19 3.59
148 2.56 4.23
240 3.27 2.38
239 3.46 2.21
243 2.72 0.86
18 2.24 2.9
172 2.36 2.68
151 4.48 4.34
24 1.03 3.1
111 4.09 1.89
218 2.9 1.18
205 2.73 1.51
63 0.82 2.93
241 4.41 1.79
71 3.47 0.28
53 3.42 2.73
21 4.7 3.33
93 4.38 2.65
133 4.37 0.7
97 4.29 0.42
168 5.14 0.23
191 3.33 4.01
216 3.5 1.33
199 3.45 1.3
109 3.78 0.32
37 4.0 1.58
178 1.99 1.45
116 2.41 2.51
26 0.93 0.33
195 2.15 4.15
44 0.73 0.77
41 3.65 2.88
94 4.14 1.32
50 2.25 0.16
217 2.46 1.4
61 3.36 3.64
27 2.85 0.92
179 2.52 2.81
