99
52 4.94 1.12
79 5.45 1.56
70 0.83 2.21
85 5.96 2.26
66 7.3 2.19
22 9.14 2.28
24 0.08 0.66
78 6.08 0.9
5 8.83 1.97
43 3.2 0.62
37 3.28 1.23
91 1.41 1.87
23 8.61 0.09
15 5.88 2.01
49 0.13 1.01
51 7.71 0.71
47 2.26 0.22
71 8.1 0.01
28 8.39 0.26
27 2.14 0.95
33 6.88 0.13
3 2.28 1.72
16 1.07 1.38
14 6.59 0.43
25 5.83 1.31
41 4.16 0.52
92 5.65 1.07
65 5.11 1.35
63 2.46 0.38
13 9.11 1.85
26 1.86 2.39
90 6.55 2.12
48 4.65 0.61
10 8.72 1.92
57 5.4 0.88
8 4.56 1.94
19 6.37 0.97
56 9.1 2.18
67 4.18 0.72
61 1.21 2.22
40 2.7 0.05
95 4.24 1.8
18 0.85 0.17
81 6.93 0.02
69 3.9 0.4
35 8.18 0.41
73 0.03 1.82
36 1.8 1.32
88 0.07 0.73
83 1.46 0.47
42 4.42 0.96
82 3.79 1.18
59 0.55 2.08
20 3.76 1.75
4 5.04 0.63
64 5.8 0.99
7 0.9 0.11
12 0.41 1.86
76 8.71 2.05
75 0.81 0.04
87 4.97 1.11
32 5.99 1.79
53 6.77 0.06
58 8.34 1.26
31 7.45 1.29
89 6.62 2.4
98 7.27 2.3
54 4.22 0.45
50 4.35 0.57
2 3.26 0.54
93 7.49 2.0
84 2.54 2.31
74 7.57 1.24
45 6.87 0.64
68 6.42 1.43
55 6.48 0.49
46 5.06 1.4
38 0.12 2.41
9 4.72 1.13
1 0.72 1.15
99 0.56 2.29
11 8.52 0.19
94 1.06 2.11
80 6.47 1.61
96 3.51 1.09
62 6.35 1.71
34 6.11 2.04
44 8.25 0.59
97 3.14 0.03
21 7.25 1.95
39 7.03 0.14
6 5.16 1.98
86 8.62 1.53
77 7.01 1.63
17 5.35 2.07
30 7.02 1.55
60 7.07 0.25
29 3.62 0.31
72 3.29 1.74
