90
88 1.05 2.04
35 1.31 3.55
89 1.38 3.72
56 0.32 2.71
61 0.31 0.86
19 0.12 5.1
21 0.1 0.6
57 0.93 5.01
23 0.17 2.57
46 0.63 0.35
18 0.19 2.55
5 1.1 3.9
76 1.04 4.04
36 1.3 3.78
10 0.48 3.21
6 1.17 0.65
52 1.11 2.59
20 1.24 0.31
31 1.06 3.35
9 0.27 4.3
87 0.22 4.09
62 0.38 4.86
70 1.29 1.61
7 0.24 3.3
50 0.96 0.96
33 1.41 4.02
79 0.16 0.01
90 0.14 3.44
40 0.15 4.79
27 1.22 4.22
34 1.21 1.56
78 1.16 4.72
39 0.53 1.34
42 0.55 3.1
51 0.69 2.7
54 1.01 1.02
1 0.73 3.33
4 1.02 4.65
74 0.52 0.03
45 1.42 3.26
16 0.11 2.74
67 0.3 2.39
25 0.74 3.31
69 0.04 3.2
14 0.23 0.14
26 1.12 1.98
68 0.95 0.94
22 0.67 2.79
63 0.02 2.1
2 0.65 4.87
58 1.34 3.71
47 1.14 3.18
82 0.05 4.8
75 1.09 0.17
81 0.57 0.2
8 0.68 1.78
65 0.41 0.68
11 0.43 4.69
15 0.82 1.45
77 0.71 0.08
53 0.39 3.81
30 0.92 2.67
43 0.64 4.92
71 1.13 0.07
29 0.45 4.19
60 1.19 3.38
86 0.88 1.6
13 1.35 4.38
66 0.03 3.43
12 0.81 0.18
64 1.0 1.15
32 0.35 1.14
84 0.56 1.63
17 1.27 1.27
73 0.86 0.05
85 0.25 2.64
55 0.33 3.19
37 1.37 0.32
72 0.7 0.95
59 0.13 2.29
83 0.78 4.1
28 1.4 3.29
41 0.98 0.46
49 0.72 1.2
80 0.51 2.66
44 0.99 0.85
24 0.06 2.8
3 1.39 0.15
38 0.07 4.34
48 0.91 0.87
